chr	startpos	endpos	BAF	pval	LogR	ntot	nMaj1_A	nMin1_A	frac1_A	nMaj2_A	nMin2_A	frac2_A	SDfrac_A	SDfrac_A_BS	frac1_A_0.025	frac1_A_0.975	nMaj1_B	nMin1_B	frac1_B	nMaj2_B	nMin2_B	frac2_B	SDfrac_B	SDfrac_B_BS	frac1_B_0.025	frac1_B_0.975	nMaj1_C	nMin1_C	frac1_C	nMaj2_C	nMin2_C	frac2_C	SDfrac_C	SDfrac_C_BS	frac1_C_0.025	frac1_C_0.975	nMaj1_D	nMin1_D	frac1_D	nMaj2_D	nMin2_D	frac2_D	SDfrac_D	SDfrac_D_BS	frac1_D_0.025	frac1_D_0.975	nMaj1_E	nMin1_E	frac1_E	nMaj2_E	nMin2_E	frac2_E	SDfrac_E	SDfrac_E_BS	frac1_E_0.025	frac1_E_0.975	nMaj1_F	nMin1_F	frac1_F	nMaj2_F	nMin2_F	frac2_F	SDfrac_F	SDfrac_F_BS	frac1_F_0.025	frac1_F_0.975
1	811735	249223191	0.501176066765879	1	0.235412855953047	2.01790330628738	1	1	1	NA	NA	NA	NA	NA	NA	NA	NA	NA	NA	NA	NA	NA	NA	NA	NA	NA	NA	NA	NA	NA	NA	NA	NA	NA	NA	NA	NA	NA	NA	NA	NA	NA	NA	NA	NA	NA	NA	NA	NA	NA	NA	NA	NA	NA	NA	NA	NA	NA	NA	NA	NA	NA	NA	NA	NA	NA
2	23368	242985695	0.501094878935708	1	0.234714022987596	2.01685166790326	1	1	1	NA	NA	NA	NA	NA	NA	NA	NA	NA	NA	NA	NA	NA	NA	NA	NA	NA	NA	NA	NA	NA	NA	NA	NA	NA	NA	NA	NA	NA	NA	NA	NA	NA	NA	NA	NA	NA	NA	NA	NA	NA	NA	NA	NA	NA	NA	NA	NA	NA	NA	NA	NA	NA	NA	NA	NA	NA
3	60596	43713569	0.936502831189299	1	-0.699259416388618	1.21381185013035	1	0	1	NA	NA	NA	NA	NA	NA	NA	NA	NA	NA	NA	NA	NA	NA	NA	NA	NA	NA	NA	NA	NA	NA	NA	NA	NA	NA	NA	NA	NA	NA	NA	NA	NA	NA	NA	NA	NA	NA	NA	NA	NA	NA	NA	NA	NA	NA	NA	NA	NA	NA	NA	NA	NA	NA	NA	NA	NA
3	43764213	44089142	0.502493473578397	1	-0.695926409876015	0.985044911547266	0	0	1	NA	NA	NA	NA	NA	NA	NA	NA	NA	NA	NA	NA	NA	NA	NA	NA	NA	NA	NA	NA	NA	NA	NA	NA	NA	NA	NA	NA	NA	NA	NA	NA	NA	NA	NA	NA	NA	NA	NA	NA	NA	NA	NA	NA	NA	NA	NA	NA	NA	NA	NA	NA	NA	NA	NA	NA	NA
3	44097005	62086887	0.936078274836255	1	-0.698040837799137	1.2047293443808	1	0	1	NA	NA	NA	NA	NA	NA	NA	NA	NA	NA	NA	NA	NA	NA	NA	NA	NA	NA	NA	NA	NA	NA	NA	NA	NA	NA	NA	NA	NA	NA	NA	NA	NA	NA	NA	NA	NA	NA	NA	NA	NA	NA	NA	NA	NA	NA	NA	NA	NA	NA	NA	NA	NA	NA	NA	NA	NA
3	62086930	62110626	0.727886716089819	0.000873916501899857	-0.748848459296013	0.944030865684156	0	0	0.871313223703471	1	0	0.128686776296529	0.0625017444658922	0.0697750568855921	0.700960911671672	0.957947563064488	0	0	0.935656611851736	2	0	0.0643433881482645	0.0312508722329463	0.0348875284427961	0.850480455835835	0.978973781532244	1	0	0.674268128026861	1	1	0.325731871973139	0.11768775144785	0.12186811042829	0.380439611671691	0.855334566825725	1	0	0.83713406401343	1	2	0.16286593598657	0.0588438757239249	0.0609340552141451	0.690219805835846	0.927667283412862	NA	NA	NA	NA	NA	NA	NA	NA	NA	NA	NA	NA	NA	NA	NA	NA	NA	NA	NA	NA
3	62110708	65710805	0.938737046803277	1	-0.698024711768962	1.26368260928187	1	0	1	NA	NA	NA	NA	NA	NA	NA	NA	NA	NA	NA	NA	NA	NA	NA	NA	NA	NA	NA	NA	NA	NA	NA	NA	NA	NA	NA	NA	NA	NA	NA	NA	NA	NA	NA	NA	NA	NA	NA	NA	NA	NA	NA	NA	NA	NA	NA	NA	NA	NA	NA	NA	NA	NA	NA	NA	NA
3	65711119	65711464	0.587182785574987	0.71759443987039	-0.755710066097365	0.938822523502848	0	0	1	NA	NA	NA	NA	NA	NA	NA	NA	NA	NA	NA	NA	NA	NA	NA	NA	NA	NA	NA	NA	NA	NA	NA	NA	NA	NA	NA	NA	NA	NA	NA	NA	NA	NA	NA	NA	NA	NA	NA	NA	NA	NA	NA	NA	NA	NA	NA	NA	NA	NA	NA	NA	NA	NA	NA	NA	NA
3	65711665	66442010	0.872156656817237	1.41481516178873e-08	-0.699458018185809	0.982260853732894	0	0	0.552686168349312	1	0	0.447313831650688	0.0503595596201613	0.0487775511424894	0.444590712465738	0.633248077585242	0	0	0.776343084174655	2	0	0.223656915825345	0.0251797798100805	0.0243887755712447	0.722295356232868	0.81662403879262	1	0	0.918985600877603	1	1	0.0810143991223975	0.0150629012747981	0.0146366722021139	0.890194801519629	0.945871672946835	1	0	0.959492800438801	1	2	0.0405071995611989	0.00753145063739902	0.00731833610105696	0.945097400759814	0.972935836473418	NA	NA	NA	NA	NA	NA	NA	NA	NA	NA	NA	NA	NA	NA	NA	NA	NA	NA	NA	NA
3	66442435	66452562	0.619112088840666	0.476201427551317	-0.671542604865916	1.00445439356877	1	1	1	NA	NA	NA	NA	NA	NA	NA	NA	NA	NA	NA	NA	NA	NA	NA	NA	NA	NA	NA	NA	NA	NA	NA	NA	NA	NA	NA	NA	NA	NA	NA	NA	NA	NA	NA	NA	NA	NA	NA	NA	NA	NA	NA	NA	NA	NA	NA	NA	NA	NA	NA	NA	NA	NA	NA	NA	NA
3	66454008	66698126	0.857012302011834	0.000191598855213792	-0.700407462151019	0.981513544252285	0	0	0.616337668197655	1	0	0.383662331802345	0.0769748322793777	0.0810980570716998	0.42723743005622	0.736106883031471	0	0	0.808168834098827	2	0	0.191831165901173	0.0384874161396888	0.04054902853585	0.713618715028109	0.868053441515736	1	0	0.897167515387941	1	1	0.102832484612059	0.0294559479863642	0.0300631061588512	0.832439067350495	0.949283236693483	1	0	0.948583757693971	1	2	0.0514162423060294	0.0147279739931821	0.0150315530794256	0.916219533675247	0.974641618346741	NA	NA	NA	NA	NA	NA	NA	NA	NA	NA	NA	NA	NA	NA	NA	NA	NA	NA	NA	NA
3	66699668	125971362	0.936663409767038	1	-0.698684505756223	1.21727883345493	1	0	1	NA	NA	NA	NA	NA	NA	NA	NA	NA	NA	NA	NA	NA	NA	NA	NA	NA	NA	NA	NA	NA	NA	NA	NA	NA	NA	NA	NA	NA	NA	NA	NA	NA	NA	NA	NA	NA	NA	NA	NA	NA	NA	NA	NA	NA	NA	NA	NA	NA	NA	NA	NA	NA	NA	NA	NA	NA
3	125973585	125976078	0.737882229899697	0.0594550560649681	-0.65551552394347	1.01739177572608	1	0	1	NA	NA	NA	NA	NA	NA	NA	NA	NA	NA	NA	NA	NA	NA	NA	NA	NA	NA	NA	NA	NA	NA	NA	NA	NA	NA	NA	NA	NA	NA	NA	NA	NA	NA	NA	NA	NA	NA	NA	NA	NA	NA	NA	NA	NA	NA	NA	NA	NA	NA	NA	NA	NA	NA	NA	NA	NA
3	125976156	175523026	0.936597019665982	1	-0.698401264350566	1.21584330381437	1	0	1	NA	NA	NA	NA	NA	NA	NA	NA	NA	NA	NA	NA	NA	NA	NA	NA	NA	NA	NA	NA	NA	NA	NA	NA	NA	NA	NA	NA	NA	NA	NA	NA	NA	NA	NA	NA	NA	NA	NA	NA	NA	NA	NA	NA	NA	NA	NA	NA	NA	NA	NA	NA	NA	NA	NA	NA	NA
3	175523710	175696516	0.788889276575409	1.95650615411965e-06	-0.697501476413662	0.983802404025025	0	0	0.789725900230838	1	0	0.210274099769162	0.0510316619049093	0.0535566046055096	0.664562973804844	0.86938713861507	0	0	0.894862950115419	2	0	0.105137049884581	0.0255158309524546	0.0267783023027548	0.832281486902422	0.934693569307535	1	0	0.788665391893013	1	1	0.211334608106987	0.0503190183838639	0.0512398264091813	0.677635942103989	0.875208030249434	1	0	0.894332695946506	1	2	0.105667304053494	0.0251595091919319	0.0256199132045906	0.838817971051994	0.937604015124717	NA	NA	NA	NA	NA	NA	NA	NA	NA	NA	NA	NA	NA	NA	NA	NA	NA	NA	NA	NA
3	175703543	197846280	0.936198400203849	1	-0.699655466317544	1.20728691632992	1	0	1	NA	NA	NA	NA	NA	NA	NA	NA	NA	NA	NA	NA	NA	NA	NA	NA	NA	NA	NA	NA	NA	NA	NA	NA	NA	NA	NA	NA	NA	NA	NA	NA	NA	NA	NA	NA	NA	NA	NA	NA	NA	NA	NA	NA	NA	NA	NA	NA	NA	NA	NA	NA	NA	NA	NA	NA	NA
4	109541	3540261	0.928510842270149	1	-0.701486458805018	0.980664860392328	1	0	1	NA	NA	NA	NA	NA	NA	NA	NA	NA	NA	NA	NA	NA	NA	NA	NA	NA	NA	NA	NA	NA	NA	NA	NA	NA	NA	NA	NA	NA	NA	NA	NA	NA	NA	NA	NA	NA	NA	NA	NA	NA	NA	NA	NA	NA	NA	NA	NA	NA	NA	NA	NA	NA	NA	NA	NA	NA
4	3543223	3621693	0.658312195354839	0.0062237050172787	-0.693507161370689	0.986956004613091	0	0	0.928804991219587	1	0	0.071195008780413	0.0352680829919765	0.0365485462804312	0.838207239916772	0.980702908460305	0	0	0.964402495609793	2	0	0.0355975043902066	0.0176340414959882	0.0182742731402156	0.919103619958385	0.990351454230152	1	0	0.517916665325899	1	1	0.482083334674101	0.13086792175905	0.130586710807801	0.213809061644777	0.729615891193572	1	0	0.75895833266295	1	2	0.24104166733705	0.065433960879525	0.0652933554039004	0.606904530822389	0.864807945596786	NA	NA	NA	NA	NA	NA	NA	NA	NA	NA	NA	NA	NA	NA	NA	NA	NA	NA	NA	NA
4	3623849	119350994	0.93765176436859	1	-0.69904375488341	1.23901120532954	1	0	1	NA	NA	NA	NA	NA	NA	NA	NA	NA	NA	NA	NA	NA	NA	NA	NA	NA	NA	NA	NA	NA	NA	NA	NA	NA	NA	NA	NA	NA	NA	NA	NA	NA	NA	NA	NA	NA	NA	NA	NA	NA	NA	NA	NA	NA	NA	NA	NA	NA	NA	NA	NA	NA	NA	NA	NA	NA
4	119356022	119598551	0.721198152943422	1.61714297226223e-08	-0.695657632799952	0.985257074647025	0	0	0.87808686353749	1	0	0.12191313646251	0.0325120164544037	0.0339521416885331	0.798277521997597	0.934865074903226	0	0	0.939043431768745	2	0	0.0609565682312551	0.0162560082272017	0.0169760708442666	0.899138760998798	0.967432537451613	1	0	0.660547883503003	1	1	0.339452116496997	0.0673125740817124	0.0696986419874941	0.493819725763277	0.779098368861669	1	0	0.830273941751501	1	2	0.169726058248499	0.0336562870408562	0.034849320993747	0.746909862881639	0.889549184430834	NA	NA	NA	NA	NA	NA	NA	NA	NA	NA	NA	NA	NA	NA	NA	NA	NA	NA	NA	NA
4	119598803	132578484	0.938608731932415	1	-0.699704402669658	1.26072019600541	1	0	1	NA	NA	NA	NA	NA	NA	NA	NA	NA	NA	NA	NA	NA	NA	NA	NA	NA	NA	NA	NA	NA	NA	NA	NA	NA	NA	NA	NA	NA	NA	NA	NA	NA	NA	NA	NA	NA	NA	NA	NA	NA	NA	NA	NA	NA	NA	NA	NA	NA	NA	NA	NA	NA	NA	NA	NA	NA
4	132581378	132890699	0.764031356263807	1.35338463029699e-17	-0.709072961817057	0.974715590351909	0	0	0.828064377575424	1	0	0.171935622424576	0.0245358882592258	0.0246821974197565	0.772745811877733	0.87005144817974	0	0	0.914032188787712	2	0	0.0859678112122885	0.0122679441296129	0.0123410987098783	0.886372905938867	0.93502572408987	1	0	0.744254962180819	1	1	0.255745037819181	0.0326353289004224	0.0323337401664621	0.676310497002854	0.80471039477573	1	0	0.872127481090409	1	2	0.127872518909591	0.0163176644502112	0.0161668700832311	0.838155248501427	0.902355197387865	NA	NA	NA	NA	NA	NA	NA	NA	NA	NA	NA	NA	NA	NA	NA	NA	NA	NA	NA	NA
4	132898319	168880096	0.936806145262189	1	-0.698411382130097	1.22037536597781	1	0	1	NA	NA	NA	NA	NA	NA	NA	NA	NA	NA	NA	NA	NA	NA	NA	NA	NA	NA	NA	NA	NA	NA	NA	NA	NA	NA	NA	NA	NA	NA	NA	NA	NA	NA	NA	NA	NA	NA	NA	NA	NA	NA	NA	NA	NA	NA	NA	NA	NA	NA	NA	NA	NA	NA	NA	NA	NA
4	168883172	168925437	0.661688300487488	0.433163866698564	-0.705950392318401	0.977160494606362	0	0	1	NA	NA	NA	NA	NA	NA	NA	NA	NA	NA	NA	NA	NA	NA	NA	NA	NA	NA	NA	NA	NA	NA	NA	NA	NA	NA	NA	NA	NA	NA	NA	NA	NA	NA	NA	NA	NA	NA	NA	NA	NA	NA	NA	NA	NA	NA	NA	NA	NA	NA	NA	NA	NA	NA	NA	NA	NA
4	168934254	176116299	0.934719751821685	1	-0.697167430186943	1.17646037976021	1	0	1	NA	NA	NA	NA	NA	NA	NA	NA	NA	NA	NA	NA	NA	NA	NA	NA	NA	NA	NA	NA	NA	NA	NA	NA	NA	NA	NA	NA	NA	NA	NA	NA	NA	NA	NA	NA	NA	NA	NA	NA	NA	NA	NA	NA	NA	NA	NA	NA	NA	NA	NA	NA	NA	NA	NA	NA	NA
4	176118523	176558774	0.84448646562231	2.56818378805486e-06	-0.69765870709727	0.98367844542399	0	0	0.659616400175934	1	0	0.340383599824066	0.0594934025046591	0.0586226499977914	0.539411106789329	0.752531631303576	0	0	0.829808200087967	2	0	0.170191799912033	0.0297467012523296	0.0293113249988958	0.769705553394664	0.876265815651788	1	0	0.878530584087861	1	1	0.121469415912139	0.0278917098551233	0.0273756779522823	0.82152362784674	0.922881299817926	1	0	0.939265292043931	1	2	0.0607347079560693	0.0139458549275617	0.0136878389761411	0.91076181392337	0.961440649908963	NA	NA	NA	NA	NA	NA	NA	NA	NA	NA	NA	NA	NA	NA	NA	NA	NA	NA	NA	NA
4	176559590	190462760	0.939606311175377	1	-0.698947143859101	1.2840828635807	1	0	1	NA	NA	NA	NA	NA	NA	NA	NA	NA	NA	NA	NA	NA	NA	NA	NA	NA	NA	NA	NA	NA	NA	NA	NA	NA	NA	NA	NA	NA	NA	NA	NA	NA	NA	NA	NA	NA	NA	NA	NA	NA	NA	NA	NA	NA	NA	NA	NA	NA	NA	NA	NA	NA	NA	NA	NA	NA
4	190470668	190781263	0.821956571483603	2.82772052576413e-05	-0.716513840329641	0.968910828643797	0	0	0.72213362193652	1	0	0.27786637806348	0.0622673164909887	0.0638524891262877	0.561756242771035	0.820844078151557	0	0	0.86106681096826	2	0	0.13893318903174	0.0311336582454942	0.0319262445631439	0.780878121385517	0.910422039075778	1	0	0.843579149608263	1	1	0.156420850391737	0.0401663409634204	0.0405919156325022	0.753054661691141	0.915844752119472	1	0	0.921789574804131	1	2	0.0782104251958685	0.0200831704817102	0.0202959578162511	0.87652733084557	0.957922376059736	NA	NA	NA	NA	NA	NA	NA	NA	NA	NA	NA	NA	NA	NA	NA	NA	NA	NA	NA	NA
5	859234	20700328	0.939729888135107	1	-0.69800981222804	1.28703079338784	1	0	1	NA	NA	NA	NA	NA	NA	NA	NA	NA	NA	NA	NA	NA	NA	NA	NA	NA	NA	NA	NA	NA	NA	NA	NA	NA	NA	NA	NA	NA	NA	NA	NA	NA	NA	NA	NA	NA	NA	NA	NA	NA	NA	NA	NA	NA	NA	NA	NA	NA	NA	NA	NA	NA	NA	NA	NA	NA
5	20701278	20932341	0.664301120935907	2.06375740303565e-10	-0.697199657079109	0.984040392274926	0	0	0.924793515145189	1	0	0.0752064848548112	0.0158863948833334	0.0159418120938671	0.889962507837083	0.95125375568005	0	0	0.962396757572594	2	0	0.0376032424274058	0.00794319744166661	0.00797090604693354	0.944981253918541	0.975626877840025	1	0	0.532663521683362	1	1	0.467336478316638	0.0566578361987013	0.0561916600678021	0.416022890721493	0.634000983598719	1	0	0.766331760841681	1	2	0.233668239158319	0.0283289180993506	0.028095830033901	0.708011445360746	0.817000491799359	NA	NA	NA	NA	NA	NA	NA	NA	NA	NA	NA	NA	NA	NA	NA	NA	NA	NA	NA	NA
5	20961475	21273130	0.94812079724482	1.7982757760627e-07	-0.685722977468964	1.52004742085374	1	0	0.672708047020161	2	0	0.327291952979839	0.0750688956040044	0.0765869011438761	0.510629705415386	0.81004857474468	0	0	0.336354023510081	2	0	0.663645976489919	0.0375344478020021	0.0382934505719381	0.255314852707693	0.40502428737234	1	0	0.836354023510083	3	0	0.163645976489917	0.0375344478020023	0.0382934505719379	0.755314852707696	0.905024287372344	2	0	0.963190811479069	2	1	0.036809188520931	0.00606006675597232	0.00614016542077409	0.950735700882464	0.974944166745803	2	0	0.981595405739535	2	2	0.0184045942604655	0.00303003337798619	0.00307008271038705	0.975367850441232	0.987472083372901	NA	NA	NA	NA	NA	NA	NA	NA	NA	NA
5	21273843	21373615	0.602191182313618	0.0144271236638689	-0.72132072024321	0.965176782305174	0	0	0.960526678352707	1	0	0.0394733216472928	0.0195208330219669	0.0200129284849444	0.915155094860434	0.990868735845085	0	0	0.980263339176353	2	0	0.0197366608236467	0.00976041651098336	0.0100064642424722	0.957577547430217	0.995434367922542	1	0	0.365473966583723	1	1	0.634526033416277	0.118719661737531	0.11896690768693	0.114118009734758	0.564163893672008	1	0	0.682736983291861	1	2	0.317263016708139	0.0593598308687656	0.0594834538434649	0.557059004867379	0.782081946836004	NA	NA	NA	NA	NA	NA	NA	NA	NA	NA	NA	NA	NA	NA	NA	NA	NA	NA	NA	NA
5	21374275	22125317	0.877035985218234	3.12035004374197e-09	-0.699773420136305	0.982012545594421	0	0	0.528838904614645	1	0	0.471161095385355	0.0478009908237105	0.049918586658355	0.415341846744167	0.611151428980932	0	0	0.764419452307322	2	0	0.235580547692678	0.0239004954118551	0.0249592933291775	0.707670923372082	0.805575714490466	1	0	0.925854633127708	1	1	0.074145366872292	0.0130948492089349	0.0135015528348569	0.898690650046211	0.951220099450761	1	0	0.962927316563854	1	2	0.0370726834361461	0.00654742460446733	0.00675077641742847	0.949345325023105	0.975610049725381	NA	NA	NA	NA	NA	NA	NA	NA	NA	NA	NA	NA	NA	NA	NA	NA	NA	NA	NA	NA
5	22126459	22212141	0.553987215032703	0.453040974677573	-0.710814060017543	0.97335464434284	0	0	1	NA	NA	NA	NA	NA	NA	NA	NA	NA	NA	NA	NA	NA	NA	NA	NA	NA	NA	NA	NA	NA	NA	NA	NA	NA	NA	NA	NA	NA	NA	NA	NA	NA	NA	NA	NA	NA	NA	NA	NA	NA	NA	NA	NA	NA	NA	NA	NA	NA	NA	NA	NA	NA	NA	NA	NA	NA
5	22215018	75245914	0.937665472479743	1	-0.698653489272632	1.23931747074934	1	0	1	NA	NA	NA	NA	NA	NA	NA	NA	NA	NA	NA	NA	NA	NA	NA	NA	NA	NA	NA	NA	NA	NA	NA	NA	NA	NA	NA	NA	NA	NA	NA	NA	NA	NA	NA	NA	NA	NA	NA	NA	NA	NA	NA	NA	NA	NA	NA	NA	NA	NA	NA	NA	NA	NA	NA	NA	NA
5	75246252	75274712	0.684809252161531	0.00567284105967858	-0.652875827798046	1.01953641064429	1	0	0.581207895392321	1	1	0.418792104607679	0.146606588329484	0.149847077188964	0.214960418770133	0.808769363885282	1	0	0.79060394769616	1	2	0.20939605230384	0.073303294164742	0.0749235385944822	0.607480209385067	0.904384681942641	0	0	0.909902051168444	1	0	0.0900979488315563	0.0510137033327084	0.0527464970755649	0.767214797485712	0.980009153314808	0	0	0.954951025584222	2	0	0.0450489744157784	0.0255068516663542	0.0263732485377825	0.883607398742856	0.990004576657404	NA	NA	NA	NA	NA	NA	NA	NA	NA	NA	NA	NA	NA	NA	NA	NA	NA	NA	NA	NA
5	75274886	98802986	0.936337448809932	1	-0.697895512104125	1.21025943245388	1	0	1	NA	NA	NA	NA	NA	NA	NA	NA	NA	NA	NA	NA	NA	NA	NA	NA	NA	NA	NA	NA	NA	NA	NA	NA	NA	NA	NA	NA	NA	NA	NA	NA	NA	NA	NA	NA	NA	NA	NA	NA	NA	NA	NA	NA	NA	NA	NA	NA	NA	NA	NA	NA	NA	NA	NA	NA	NA
5	98809567	98878006	0.71123804984894	2.88865746466274e-09	-0.700149368422729	0.981716641734214	0	0	0.887592099013274	1	0	0.112407900986726	0.0263806738847628	0.0270763098813625	0.823331979619016	0.9265752520039	0	0	0.943796049506637	2	0	0.0562039504933631	0.0131903369423814	0.0135381549406813	0.911665989809508	0.96328762600195	1	0	0.63963847898157	1	1	0.36036152101843	0.0604549157574508	0.0596232399304284	0.523975679990349	0.749412803500132	1	0	0.819819239490785	1	2	0.180180760509215	0.0302274578787254	0.0298116199652142	0.761987839995174	0.874706401750066	NA	NA	NA	NA	NA	NA	NA	NA	NA	NA	NA	NA	NA	NA	NA	NA	NA	NA	NA	NA
5	98878187	137956198	0.936737358963906	1	-0.698150936979591	1.2188813578538	1	0	1	NA	NA	NA	NA	NA	NA	NA	NA	NA	NA	NA	NA	NA	NA	NA	NA	NA	NA	NA	NA	NA	NA	NA	NA	NA	NA	NA	NA	NA	NA	NA	NA	NA	NA	NA	NA	NA	NA	NA	NA	NA	NA	NA	NA	NA	NA	NA	NA	NA	NA	NA	NA	NA	NA	NA	NA	NA
5	137958418	137965942	0.532658325157668	0.820004909230857	-0.649054607217419	1.02264794122642	1	1	1	NA	NA	NA	NA	NA	NA	NA	NA	NA	NA	NA	NA	NA	NA	NA	NA	NA	NA	NA	NA	NA	NA	NA	NA	NA	NA	NA	NA	NA	NA	NA	NA	NA	NA	NA	NA	NA	NA	NA	NA	NA	NA	NA	NA	NA	NA	NA	NA	NA	NA	NA	NA	NA	NA	NA	NA	NA
5	137966474	175622472	0.938049265546956	1	-0.698300820891624	1.24794716045898	1	0	1	NA	NA	NA	NA	NA	NA	NA	NA	NA	NA	NA	NA	NA	NA	NA	NA	NA	NA	NA	NA	NA	NA	NA	NA	NA	NA	NA	NA	NA	NA	NA	NA	NA	NA	NA	NA	NA	NA	NA	NA	NA	NA	NA	NA	NA	NA	NA	NA	NA	NA	NA	NA	NA	NA	NA	NA	NA
5	175623937	175719312	0.655318902136059	0.00161641074166379	-0.708874151937536	0.974871096495394	0	0	0.930757697733826	1	0	0.0692423022661744	0.0282062991244493	0.02878692774249	0.85965479566465	0.974052701125862	0	0	0.965378848866912	2	0	0.0346211511330876	0.0141031495622247	0.0143934638712451	0.929827397832325	0.987026350562931	1	0	0.510445091611899	1	1	0.489554908388101	0.108134489220288	0.10674376351101	0.271703394697118	0.695869347308583	1	0	0.75522254580595	1	2	0.24477745419405	0.0540672446101442	0.0533718817555051	0.635851697348559	0.847934673654291	NA	NA	NA	NA	NA	NA	NA	NA	NA	NA	NA	NA	NA	NA	NA	NA	NA	NA	NA	NA
5	175727367	180742812	0.933372681252442	1	-0.699039060619112	1.14956798975577	1	0	1	NA	NA	NA	NA	NA	NA	NA	NA	NA	NA	NA	NA	NA	NA	NA	NA	NA	NA	NA	NA	NA	NA	NA	NA	NA	NA	NA	NA	NA	NA	NA	NA	NA	NA	NA	NA	NA	NA	NA	NA	NA	NA	NA	NA	NA	NA	NA	NA	NA	NA	NA	NA	NA	NA	NA	NA	NA
6	203397	170898626	0.501106673257233	1	0.23528379112079	2.01770904479463	1	1	1	NA	NA	NA	NA	NA	NA	NA	NA	NA	NA	NA	NA	NA	NA	NA	NA	NA	NA	NA	NA	NA	NA	NA	NA	NA	NA	NA	NA	NA	NA	NA	NA	NA	NA	NA	NA	NA	NA	NA	NA	NA	NA	NA	NA	NA	NA	NA	NA	NA	NA	NA	NA	NA	NA	NA	NA	NA
7	80500	159122659	0.501202232893696	1	0.235520029354145	2.01806463117482	1	1	1	NA	NA	NA	NA	NA	NA	NA	NA	NA	NA	NA	NA	NA	NA	NA	NA	NA	NA	NA	NA	NA	NA	NA	NA	NA	NA	NA	NA	NA	NA	NA	NA	NA	NA	NA	NA	NA	NA	NA	NA	NA	NA	NA	NA	NA	NA	NA	NA	NA	NA	NA	NA	NA	NA	NA	NA	NA
8	143207	146273484	0.500991133803265	1	0.23510343620422	2.01743761331503	1	1	1	NA	NA	NA	NA	NA	NA	NA	NA	NA	NA	NA	NA	NA	NA	NA	NA	NA	NA	NA	NA	NA	NA	NA	NA	NA	NA	NA	NA	NA	NA	NA	NA	NA	NA	NA	NA	NA	NA	NA	NA	NA	NA	NA	NA	NA	NA	NA	NA	NA	NA	NA	NA	NA	NA	NA	NA	NA
9	203761	141069765	0.500795987025421	1	0.235478508950781	2.01800213034214	1	1	1	NA	NA	NA	NA	NA	NA	NA	NA	NA	NA	NA	NA	NA	NA	NA	NA	NA	NA	NA	NA	NA	NA	NA	NA	NA	NA	NA	NA	NA	NA	NA	NA	NA	NA	NA	NA	NA	NA	NA	NA	NA	NA	NA	NA	NA	NA	NA	NA	NA	NA	NA	NA	NA	NA	NA	NA	NA
10	202805	680475	0.878580363962379	0.00162465408589078	-0.702750565922835	0.979671385139887	0	0	0.520891569728913	1	0	0.479108430271087	0.0908285102796438	0.0983955331302513	0.29331356868264	0.661998901466727	0	0	0.760445784864456	2	0	0.239554215135544	0.0454142551398222	0.0491977665651257	0.646656784341319	0.830999450733363	1	0	0.928012886008163	1	1	0.0719871139918371	0.0238413235629913	0.0248874249128094	0.874369568130443	0.970449416550068	1	0	0.964006443004081	1	2	0.0359935569959187	0.0119206617814957	0.0124437124564047	0.937184784065221	0.985224708275034	NA	NA	NA	NA	NA	NA	NA	NA	NA	NA	NA	NA	NA	NA	NA	NA	NA	NA	NA	NA
10	718341	725223	0.560807772769493	0.485050904381652	-0.65962315938185	1.01406230011429	1	1	1	NA	NA	NA	NA	NA	NA	NA	NA	NA	NA	NA	NA	NA	NA	NA	NA	NA	NA	NA	NA	NA	NA	NA	NA	NA	NA	NA	NA	NA	NA	NA	NA	NA	NA	NA	NA	NA	NA	NA	NA	NA	NA	NA	NA	NA	NA	NA	NA	NA	NA	NA	NA	NA	NA	NA	NA	NA
10	725487	11406360	0.935283537593356	1	-0.700015151183524	1.18804790602557	1	0	1	NA	NA	NA	NA	NA	NA	NA	NA	NA	NA	NA	NA	NA	NA	NA	NA	NA	NA	NA	NA	NA	NA	NA	NA	NA	NA	NA	NA	NA	NA	NA	NA	NA	NA	NA	NA	NA	NA	NA	NA	NA	NA	NA	NA	NA	NA	NA	NA	NA	NA	NA	NA	NA	NA	NA	NA	NA
10	11407916	11474339	0.830927503466293	0.000589807240619043	-0.713799915857443	0.97102454177151	0	0	0.699236900056701	1	0	0.300763099943299	0.0798396977773683	0.0853517072044925	0.468927243128249	0.818370708290959	0	0	0.84961845002835	2	0	0.15038154997165	0.0399198488886841	0.0426758536022463	0.734463621564124	0.909185354145479	1	0	0.857723173360006	1	1	0.142276826639994	0.0450349994819049	0.0469774014551523	0.756369730913315	0.939782061416856	1	0	0.928861586680003	1	2	0.0711384133199972	0.0225174997409526	0.0234887007275762	0.878184865456657	0.969891030708428	NA	NA	NA	NA	NA	NA	NA	NA	NA	NA	NA	NA	NA	NA	NA	NA	NA	NA	NA	NA
10	11474496	11478199	0.524489628097126	0.87450969318104	-0.653817292013787	1.01877106289656	1	1	1	NA	NA	NA	NA	NA	NA	NA	NA	NA	NA	NA	NA	NA	NA	NA	NA	NA	NA	NA	NA	NA	NA	NA	NA	NA	NA	NA	NA	NA	NA	NA	NA	NA	NA	NA	NA	NA	NA	NA	NA	NA	NA	NA	NA	NA	NA	NA	NA	NA	NA	NA	NA	NA	NA	NA	NA	NA
10	11478446	12664266	0.910301005062137	9.38180068820285e-06	-0.699206813573445	0.982458659737549	0	0	0.297122471409464	1	0	0.702877528590536	0.0497087871399282	0.0499353973893535	0.198472203862738	0.386071694900559	0	0	0.648561235704731	2	0	0.351438764295269	0.0248543935699645	0.0249676986946768	0.599236101931368	0.693035847450279	1	0	0.970722226043172	1	1	0.0292777739568283	0.00674232642044031	0.00677479777557543	0.956927101746607	0.982561161479684	1	0	0.985361113021586	1	2	0.0146388869784142	0.00337116321022018	0.00338739888778772	0.978463550873303	0.991280580739842	NA	NA	NA	NA	NA	NA	NA	NA	NA	NA	NA	NA	NA	NA	NA	NA	NA	NA	NA	NA
10	12665123	12669166	0.534338654892183	0.617287621719351	-0.800138139938774	0.905692018809063	0	0	1	NA	NA	NA	NA	NA	NA	NA	NA	NA	NA	NA	NA	NA	NA	NA	NA	NA	NA	NA	NA	NA	NA	NA	NA	NA	NA	NA	NA	NA	NA	NA	NA	NA	NA	NA	NA	NA	NA	NA	NA	NA	NA	NA	NA	NA	NA	NA	NA	NA	NA	NA	NA	NA	NA	NA	NA	NA
10	12672884	27579090	0.93773217474742	1	-0.698654283178826	1.24080965143885	1	0	1	NA	NA	NA	NA	NA	NA	NA	NA	NA	NA	NA	NA	NA	NA	NA	NA	NA	NA	NA	NA	NA	NA	NA	NA	NA	NA	NA	NA	NA	NA	NA	NA	NA	NA	NA	NA	NA	NA	NA	NA	NA	NA	NA	NA	NA	NA	NA	NA	NA	NA	NA	NA	NA	NA	NA	NA	NA
10	27582541	27639809	0.506372746707711	1	-0.700326294464949	0.98157741229725	0	0	1	NA	NA	NA	NA	NA	NA	NA	NA	NA	NA	NA	NA	NA	NA	NA	NA	NA	NA	NA	NA	NA	NA	NA	NA	NA	NA	NA	NA	NA	NA	NA	NA	NA	NA	NA	NA	NA	NA	NA	NA	NA	NA	NA	NA	NA	NA	NA	NA	NA	NA	NA	NA	NA	NA	NA	NA	NA
10	27640945	38651494	0.933261506467574	1	-0.699217159724579	1.14739703512033	1	0	1	NA	NA	NA	NA	NA	NA	NA	NA	NA	NA	NA	NA	NA	NA	NA	NA	NA	NA	NA	NA	NA	NA	NA	NA	NA	NA	NA	NA	NA	NA	NA	NA	NA	NA	NA	NA	NA	NA	NA	NA	NA	NA	NA	NA	NA	NA	NA	NA	NA	NA	NA	NA	NA	NA	NA	NA	NA
10	38657754	42403710	0.722359352145853	1.57328693952442e-07	-0.702491389948036	0.97987500336462	0	0	0.876934305795289	1	0	0.123065694204711	0.0357764314129624	0.0350443557399269	0.794710494632971	0.930298799539159	0	0	0.938467152897644	2	0	0.061532847102356	0.0178882157064811	0.0175221778699635	0.897355247316485	0.965149399769579	1	0	0.662948076932531	1	1	0.337051923067469	0.0730508029659672	0.0699044865969335	0.511950187429686	0.783136085540421	1	0	0.831474038466266	1	2	0.168525961533734	0.0365254014829835	0.0349522432984667	0.755975093714843	0.89156804277021	NA	NA	NA	NA	NA	NA	NA	NA	NA	NA	NA	NA	NA	NA	NA	NA	NA	NA	NA	NA
10	42410762	43119159	0.909999678007711	0.000100770220327119	-0.696590872467075	0.984520577935073	0	0	0.299990220465254	1	0	0.700009779534746	0.0568979579436954	0.0588330403592217	0.1710039917393	0.398633115470657	0	0	0.649995110232626	2	0	0.350004889767374	0.0284489789718477	0.0294165201796109	0.585501995869648	0.699316557735329	1	0	0.97033052089038	1	1	0.0296694791096199	0.00776635502926026	0.00789533691441103	0.954800803414124	0.985453761166123	1	0	0.98516526044519	1	2	0.0148347395548099	0.00388317751463019	0.00394766845720552	0.977400401707062	0.992726880583062	NA	NA	NA	NA	NA	NA	NA	NA	NA	NA	NA	NA	NA	NA	NA	NA	NA	NA	NA	NA
10	43122649	43130471	0.722333289810194	0.0608541860621259	-0.934897838958868	0.811220506901237	1	0	1	NA	NA	NA	NA	NA	NA	NA	NA	NA	NA	NA	NA	NA	NA	NA	NA	NA	NA	NA	NA	NA	NA	NA	NA	NA	NA	NA	NA	NA	NA	NA	NA	NA	NA	NA	NA	NA	NA	NA	NA	NA	NA	NA	NA	NA	NA	NA	NA	NA	NA	NA	NA	NA	NA	NA	NA	NA
10	43132156	48660703	0.939018149106083	1	-0.699187514259397	1.27021600644896	1	0	1	NA	NA	NA	NA	NA	NA	NA	NA	NA	NA	NA	NA	NA	NA	NA	NA	NA	NA	NA	NA	NA	NA	NA	NA	NA	NA	NA	NA	NA	NA	NA	NA	NA	NA	NA	NA	NA	NA	NA	NA	NA	NA	NA	NA	NA	NA	NA	NA	NA	NA	NA	NA	NA	NA	NA	NA	NA
10	48664519	49319300	0.515141118158102	0.7918096269111	-0.693866690863633	0.986671790364725	0	0	1	NA	NA	NA	NA	NA	NA	NA	NA	NA	NA	NA	NA	NA	NA	NA	NA	NA	NA	NA	NA	NA	NA	NA	NA	NA	NA	NA	NA	NA	NA	NA	NA	NA	NA	NA	NA	NA	NA	NA	NA	NA	NA	NA	NA	NA	NA	NA	NA	NA	NA	NA	NA	NA	NA	NA	NA	NA
10	49363009	52500129	0.930492705404151	1	-0.693935734183038	0.986617218539537	1	0	1	NA	NA	NA	NA	NA	NA	NA	NA	NA	NA	NA	NA	NA	NA	NA	NA	NA	NA	NA	NA	NA	NA	NA	NA	NA	NA	NA	NA	NA	NA	NA	NA	NA	NA	NA	NA	NA	NA	NA	NA	NA	NA	NA	NA	NA	NA	NA	NA	NA	NA	NA	NA	NA	NA	NA	NA	NA
10	52501044	52547409	0.657229711380205	0.000107388982401968	-0.700017549381649	0.981820385957361	0	0	0.929515097716867	1	0	0.0704849022831329	0.0231947920167392	0.0252553676358152	0.864802597440742	0.964200887627169	0	0	0.964757548858433	2	0	0.0352424511415667	0.0115973960083697	0.0126276838179076	0.932401298720371	0.982100443813585	1	0	0.515222527521199	1	1	0.484777472478801	0.0877481527818586	0.0889125434136914	0.327666347446153	0.682551882967673	1	0	0.7576112637606	1	2	0.2423887362394	0.0438740763909293	0.0444562717068457	0.663833173723077	0.841275941483836	NA	NA	NA	NA	NA	NA	NA	NA	NA	NA	NA	NA	NA	NA	NA	NA	NA	NA	NA	NA
10	52547708	55827258	0.941809673248918	1	-0.696609255693887	1.33852268643046	1	0	1	NA	NA	NA	NA	NA	NA	NA	NA	NA	NA	NA	NA	NA	NA	NA	NA	NA	NA	NA	NA	NA	NA	NA	NA	NA	NA	NA	NA	NA	NA	NA	NA	NA	NA	NA	NA	NA	NA	NA	NA	NA	NA	NA	NA	NA	NA	NA	NA	NA	NA	NA	NA	NA	NA	NA	NA	NA
10	55830222	55847544	0.719511695695473	0.0637907004726929	-0.659991337101949	1.01376433348535	1	0	1	NA	NA	NA	NA	NA	NA	NA	NA	NA	NA	NA	NA	NA	NA	NA	NA	NA	NA	NA	NA	NA	NA	NA	NA	NA	NA	NA	NA	NA	NA	NA	NA	NA	NA	NA	NA	NA	NA	NA	NA	NA	NA	NA	NA	NA	NA	NA	NA	NA	NA	NA	NA	NA	NA	NA	NA	NA
10	55847907	55887363	0.861321170379214	0.0282326407936209	-0.699687817572507	0.98207993300403	0	0	0.599642567452926	1	0	0.400357432547074	0.13604951053091	0.149208509237925	0.215742635702987	0.78229182026686	0	0	0.799821283726463	2	0	0.200178716273537	0.0680247552654552	0.0746042546189624	0.607871317851493	0.891145910133429	1	0	0.903453285133392	1	1	0.0965467148666082	0.0468287605620219	0.0481374411102867	0.79370637450629	0.980094415913539	1	0	0.951726642566696	1	2	0.0482733574333042	0.023414380281011	0.0240687205551433	0.896853187253145	0.990047207956769	NA	NA	NA	NA	NA	NA	NA	NA	NA	NA	NA	NA	NA	NA	NA	NA	NA	NA	NA	NA
10	55887369	55889442	0.565943035907757	0.730232126009927	-0.634154450317846	1.0348598192754	1	1	1	NA	NA	NA	NA	NA	NA	NA	NA	NA	NA	NA	NA	NA	NA	NA	NA	NA	NA	NA	NA	NA	NA	NA	NA	NA	NA	NA	NA	NA	NA	NA	NA	NA	NA	NA	NA	NA	NA	NA	NA	NA	NA	NA	NA	NA	NA	NA	NA	NA	NA	NA	NA	NA	NA	NA	NA	NA
10	55889586	65955797	0.941232549488946	1	-0.698049754553857	1.32386874353614	1	0	1	NA	NA	NA	NA	NA	NA	NA	NA	NA	NA	NA	NA	NA	NA	NA	NA	NA	NA	NA	NA	NA	NA	NA	NA	NA	NA	NA	NA	NA	NA	NA	NA	NA	NA	NA	NA	NA	NA	NA	NA	NA	NA	NA	NA	NA	NA	NA	NA	NA	NA	NA	NA	NA	NA	NA	NA	NA
10	65967144	65977811	0.732367416281704	0.0609316694326202	-0.742529581867701	0.948849205338508	1	0	1	NA	NA	NA	NA	NA	NA	NA	NA	NA	NA	NA	NA	NA	NA	NA	NA	NA	NA	NA	NA	NA	NA	NA	NA	NA	NA	NA	NA	NA	NA	NA	NA	NA	NA	NA	NA	NA	NA	NA	NA	NA	NA	NA	NA	NA	NA	NA	NA	NA	NA	NA	NA	NA	NA	NA	NA	NA
10	66013849	88870820	0.939114730368296	1	-0.699777413243924	1.27247467876026	1	0	1	NA	NA	NA	NA	NA	NA	NA	NA	NA	NA	NA	NA	NA	NA	NA	NA	NA	NA	NA	NA	NA	NA	NA	NA	NA	NA	NA	NA	NA	NA	NA	NA	NA	NA	NA	NA	NA	NA	NA	NA	NA	NA	NA	NA	NA	NA	NA	NA	NA	NA	NA	NA	NA	NA	NA	NA	NA
10	88902863	89253957	0.66417100449176	4.63985811726603e-09	-0.70338948106445	0.979169585999061	0	0	0.924882189648391	1	0	0.0751178103516089	0.0168819227047707	0.0166156773042077	0.886874991093879	0.952095193381279	0	0	0.962441094824195	2	0	0.0375589051758046	0.00844096135238531	0.00830783865210388	0.943437495546939	0.976047596690639	1	0	0.532345955164422	1	1	0.467654044835578	0.0602509676784518	0.0582754852094777	0.413535891773512	0.641072429410739	1	0	0.766172977582211	1	2	0.233827022417789	0.0301254838392259	0.0291377426047388	0.706767945886756	0.82053621470537	NA	NA	NA	NA	NA	NA	NA	NA	NA	NA	NA	NA	NA	NA	NA	NA	NA	NA	NA	NA
10	89255921	135216590	0.936684055672362	1	-0.698509838681206	1.21772586621438	1	0	1	NA	NA	NA	NA	NA	NA	NA	NA	NA	NA	NA	NA	NA	NA	NA	NA	NA	NA	NA	NA	NA	NA	NA	NA	NA	NA	NA	NA	NA	NA	NA	NA	NA	NA	NA	NA	NA	NA	NA	NA	NA	NA	NA	NA	NA	NA	NA	NA	NA	NA	NA	NA	NA	NA	NA	NA	NA
11	247630	22426590	0.928396761000694	1	-0.697050389780681	0.984158109773612	1	0	1	NA	NA	NA	NA	NA	NA	NA	NA	NA	NA	NA	NA	NA	NA	NA	NA	NA	NA	NA	NA	NA	NA	NA	NA	NA	NA	NA	NA	NA	NA	NA	NA	NA	NA	NA	NA	NA	NA	NA	NA	NA	NA	NA	NA	NA	NA	NA	NA	NA	NA	NA	NA	NA	NA	NA	NA	NA
11	22426734	22519149	0.792873754696962	4.28138745847055e-05	-0.703216701518529	0.979305263831707	0	0	0.782724890532402	1	0	0.217275109467598	0.060337152257674	0.0641488158781766	0.624090389233261	0.87262191181673	0	0	0.891362445266201	2	0	0.108637554733799	0.0301685761288371	0.0320744079390883	0.81204519461663	0.936310955908364	1	0	0.795524991562911	1	1	0.204475008437089	0.0563567162366324	0.057137897077722	0.671130450505214	0.893512972853302	1	0	0.897762495781456	1	2	0.102237504218544	0.0281783581183161	0.028568948538861	0.835565225252607	0.946756486426651	NA	NA	NA	NA	NA	NA	NA	NA	NA	NA	NA	NA	NA	NA	NA	NA	NA	NA	NA	NA
11	22519426	22524983	0.716344057208516	0.386446994077885	-0.680513835313176	0.997275131025199	0	0	1	NA	NA	NA	NA	NA	NA	NA	NA	NA	NA	NA	NA	NA	NA	NA	NA	NA	NA	NA	NA	NA	NA	NA	NA	NA	NA	NA	NA	NA	NA	NA	NA	NA	NA	NA	NA	NA	NA	NA	NA	NA	NA	NA	NA	NA	NA	NA	NA	NA	NA	NA	NA	NA	NA	NA	NA	NA
11	22525273	47993662	0.931897567658319	1	-0.698985541211609	0.982632924728491	1	0	1	NA	NA	NA	NA	NA	NA	NA	NA	NA	NA	NA	NA	NA	NA	NA	NA	NA	NA	NA	NA	NA	NA	NA	NA	NA	NA	NA	NA	NA	NA	NA	NA	NA	NA	NA	NA	NA	NA	NA	NA	NA	NA	NA	NA	NA	NA	NA	NA	NA	NA	NA	NA	NA	NA	NA	NA	NA
11	47997475	55078576	0.815204410064632	1.92450146536939e-10	-0.697060298167176	0.98415029529032	0	0	0.737901016076839	1	0	0.262098983923161	0.0403111606758247	0.0414189547750603	0.64744462139804	0.808941847174048	0	0	0.868950508038419	2	0	0.131049491961581	0.0201555803379127	0.0207094773875302	0.82372231069902	0.904470923587024	1	0	0.832728022694313	1	1	0.167271977305687	0.0287784834376889	0.0298098747496853	0.766965921728611	0.884133484160176	1	0	0.916364011347157	1	2	0.0836359886528435	0.0143892417188444	0.0149049373748426	0.883482960864305	0.942066742080088	NA	NA	NA	NA	NA	NA	NA	NA	NA	NA	NA	NA	NA	NA	NA	NA	NA	NA	NA	NA
11	55078584	77626280	0.923940964258224	1	-0.69832775949687	0.983151124345122	1	0	1	NA	NA	NA	NA	NA	NA	NA	NA	NA	NA	NA	NA	NA	NA	NA	NA	NA	NA	NA	NA	NA	NA	NA	NA	NA	NA	NA	NA	NA	NA	NA	NA	NA	NA	NA	NA	NA	NA	NA	NA	NA	NA	NA	NA	NA	NA	NA	NA	NA	NA	NA	NA	NA	NA	NA	NA	NA
11	77627431	77665032	0.661117949190653	0.00263691818146952	-0.675794674587591	1.00104609241195	1	0	0.52485868972495	1	1	0.47514131027505	0.117012867818275	0.115502846073728	0.268077928401111	0.72266780259042	1	0	0.762429344862475	1	2	0.237570655137525	0.0585064339091374	0.057751423036864	0.634038964200555	0.86133390129521	0	0	0.926943306305488	1	0	0.0730566936945115	0.0322391922891708	0.0338084384628648	0.841691551459469	0.974426156251776	0	0	0.963471653152744	2	0	0.0365283468472559	0.0161195961445854	0.0169042192314324	0.920845775729734	0.987213078125888	NA	NA	NA	NA	NA	NA	NA	NA	NA	NA	NA	NA	NA	NA	NA	NA	NA	NA	NA	NA
11	77665339	88575037	0.935324711533287	1	-0.696890533136577	1.18890207239694	1	0	1	NA	NA	NA	NA	NA	NA	NA	NA	NA	NA	NA	NA	NA	NA	NA	NA	NA	NA	NA	NA	NA	NA	NA	NA	NA	NA	NA	NA	NA	NA	NA	NA	NA	NA	NA	NA	NA	NA	NA	NA	NA	NA	NA	NA	NA	NA	NA	NA	NA	NA	NA	NA	NA	NA	NA	NA	NA
11	88575159	92521474	0.890723609369286	4.79711549295503e-24	-0.700680192439871	0.981298968539828	0	0	0.45057556890769	1	0	0.54942443109231	0.026909295684096	0.0269083273286596	0.397752254219242	0.50210300762873	0	0	0.725287784453845	2	0	0.274712215546155	0.0134546478420475	0.0134541636643298	0.698876127109621	0.751051503814364	1	0	0.944722165934866	1	1	0.0552778340651343	0.00566834948152678	0.00570479224027386	0.932751663024	0.954905989331661	1	0	0.972361082967433	1	2	0.0276389170325672	0.00283417474076331	0.00285239612013693	0.966375831512	0.97745299466583	NA	NA	NA	NA	NA	NA	NA	NA	NA	NA	NA	NA	NA	NA	NA	NA	NA	NA	NA	NA
11	92568633	113856681	0.93596780282419	1	-0.69980554177708	1.20238577098787	1	0	1	NA	NA	NA	NA	NA	NA	NA	NA	NA	NA	NA	NA	NA	NA	NA	NA	NA	NA	NA	NA	NA	NA	NA	NA	NA	NA	NA	NA	NA	NA	NA	NA	NA	NA	NA	NA	NA	NA	NA	NA	NA	NA	NA	NA	NA	NA	NA	NA	NA	NA	NA	NA	NA	NA	NA	NA	NA
11	113859258	113866551	0.755566633431954	0.0544697114207571	-0.689340487978174	0.990255003695188	1	0	1	NA	NA	NA	NA	NA	NA	NA	NA	NA	NA	NA	NA	NA	NA	NA	NA	NA	NA	NA	NA	NA	NA	NA	NA	NA	NA	NA	NA	NA	NA	NA	NA	NA	NA	NA	NA	NA	NA	NA	NA	NA	NA	NA	NA	NA	NA	NA	NA	NA	NA	NA	NA	NA	NA	NA	NA	NA
11	113870883	134946288	0.928742885281534	1	-0.699004696067316	0.982617838096987	1	0	1	NA	NA	NA	NA	NA	NA	NA	NA	NA	NA	NA	NA	NA	NA	NA	NA	NA	NA	NA	NA	NA	NA	NA	NA	NA	NA	NA	NA	NA	NA	NA	NA	NA	NA	NA	NA	NA	NA	NA	NA	NA	NA	NA	NA	NA	NA	NA	NA	NA	NA	NA	NA	NA	NA	NA	NA	NA
12	188285	133820866	0.5011957785188	1	0.235097618767655	2.01742885872401	1	1	1	NA	NA	NA	NA	NA	NA	NA	NA	NA	NA	NA	NA	NA	NA	NA	NA	NA	NA	NA	NA	NA	NA	NA	NA	NA	NA	NA	NA	NA	NA	NA	NA	NA	NA	NA	NA	NA	NA	NA	NA	NA	NA	NA	NA	NA	NA	NA	NA	NA	NA	NA	NA	NA	NA	NA	NA	NA
13	19589846	114999838	0.50104122299036	1	0.235796391702104	2.01848068638016	1	1	1	NA	NA	NA	NA	NA	NA	NA	NA	NA	NA	NA	NA	NA	NA	NA	NA	NA	NA	NA	NA	NA	NA	NA	NA	NA	NA	NA	NA	NA	NA	NA	NA	NA	NA	NA	NA	NA	NA	NA	NA	NA	NA	NA	NA	NA	NA	NA	NA	NA	NA	NA	NA	NA	NA	NA	NA	NA
14	20428592	22917633	0.500780687017986	1	0.234472890722995	2.0164889183485	1	1	1	NA	NA	NA	NA	NA	NA	NA	NA	NA	NA	NA	NA	NA	NA	NA	NA	NA	NA	NA	NA	NA	NA	NA	NA	NA	NA	NA	NA	NA	NA	NA	NA	NA	NA	NA	NA	NA	NA	NA	NA	NA	NA	NA	NA	NA	NA	NA	NA	NA	NA	NA	NA	NA	NA	NA	NA	NA
14	22920326	22980408	0.89473978485882	2.42949748196149e-16	0.244386369790841	2.03145245818925	2	0	0.832505290251149	2	1	0.167494709748851	0.0105686085872056	0.0106191490669303	0.811328364896726	0.853199159591215	2	0	0.916252645125575	2	2	0.0837473548744254	0.00528430429360277	0.00530957453346515	0.905664182448363	0.926599579795608	1	0	0.950148673190457	1	1	0.0498513268095432	0.00547979287155365	0.00550599796357077	0.939168498871287	0.960878384368505	1	0	0.975074336595228	1	2	0.0249256634047718	0.00273989643577677	0.00275299898178538	0.969584249435643	0.980439192184253	NA	NA	NA	NA	NA	NA	NA	NA	NA	NA	NA	NA	NA	NA	NA	NA	NA	NA	NA	NA
14	22983567	107239333	0.500690380743509	1	0.235276311903922	2.01769778800954	1	1	1	NA	NA	NA	NA	NA	NA	NA	NA	NA	NA	NA	NA	NA	NA	NA	NA	NA	NA	NA	NA	NA	NA	NA	NA	NA	NA	NA	NA	NA	NA	NA	NA	NA	NA	NA	NA	NA	NA	NA	NA	NA	NA	NA	NA	NA	NA	NA	NA	NA	NA	NA	NA	NA	NA	NA	NA	NA
15	20001774	58756031	0.935649519937536	1	-0.698672079985747	1.19567864785719	1	0	1	NA	NA	NA	NA	NA	NA	NA	NA	NA	NA	NA	NA	NA	NA	NA	NA	NA	NA	NA	NA	NA	NA	NA	NA	NA	NA	NA	NA	NA	NA	NA	NA	NA	NA	NA	NA	NA	NA	NA	NA	NA	NA	NA	NA	NA	NA	NA	NA	NA	NA	NA	NA	NA	NA	NA	NA	NA
15	58757369	58769461	0.509521565497077	1	-0.725529754122737	0.961917351431608	0	0	1	NA	NA	NA	NA	NA	NA	NA	NA	NA	NA	NA	NA	NA	NA	NA	NA	NA	NA	NA	NA	NA	NA	NA	NA	NA	NA	NA	NA	NA	NA	NA	NA	NA	NA	NA	NA	NA	NA	NA	NA	NA	NA	NA	NA	NA	NA	NA	NA	NA	NA	NA	NA	NA	NA	NA	NA	NA
15	58770542	59393352	0.904302411415719	0.00107859375579557	-0.699383489775718	0.982319536032647	0	0	0.35081273438758	1	0	0.64918726561242	0.0748483411910878	0.0767211161058052	0.178040731675976	0.480852661499724	0	0	0.675406367193789	2	0	0.324593632806211	0.037424170595544	0.0383605580529027	0.589020365837988	0.740426330749861	1	0	0.962875325442303	1	1	0.0371246745576972	0.0116488941222492	0.0119643123876514	0.937346411351096	0.984768088101989	1	0	0.981437662721151	1	2	0.0185623372788487	0.00582444706112462	0.00598215619382568	0.968673205675548	0.992384044050995	NA	NA	NA	NA	NA	NA	NA	NA	NA	NA	NA	NA	NA	NA	NA	NA	NA	NA	NA	NA
15	59393625	59403802	0.500018623227152	1	-0.747960000197258	0.94470706888091	0	0	1	NA	NA	NA	NA	NA	NA	NA	NA	NA	NA	NA	NA	NA	NA	NA	NA	NA	NA	NA	NA	NA	NA	NA	NA	NA	NA	NA	NA	NA	NA	NA	NA	NA	NA	NA	NA	NA	NA	NA	NA	NA	NA	NA	NA	NA	NA	NA	NA	NA	NA	NA	NA	NA	NA	NA	NA	NA
15	59406000	69208793	0.930587502220608	1	-0.697782538430583	0.983580827940301	1	0	1	NA	NA	NA	NA	NA	NA	NA	NA	NA	NA	NA	NA	NA	NA	NA	NA	NA	NA	NA	NA	NA	NA	NA	NA	NA	NA	NA	NA	NA	NA	NA	NA	NA	NA	NA	NA	NA	NA	NA	NA	NA	NA	NA	NA	NA	NA	NA	NA	NA	NA	NA	NA	NA	NA	NA	NA	NA
15	69211550	69240356	0.617698357013069	0.503945488836685	-0.698045515100423	0.98337354857937	0	0	1	NA	NA	NA	NA	NA	NA	NA	NA	NA	NA	NA	NA	NA	NA	NA	NA	NA	NA	NA	NA	NA	NA	NA	NA	NA	NA	NA	NA	NA	NA	NA	NA	NA	NA	NA	NA	NA	NA	NA	NA	NA	NA	NA	NA	NA	NA	NA	NA	NA	NA	NA	NA	NA	NA	NA	NA	NA
15	69245664	100318915	0.935363156960549	1	-0.699573225940807	1.18970061734618	1	0	1	NA	NA	NA	NA	NA	NA	NA	NA	NA	NA	NA	NA	NA	NA	NA	NA	NA	NA	NA	NA	NA	NA	NA	NA	NA	NA	NA	NA	NA	NA	NA	NA	NA	NA	NA	NA	NA	NA	NA	NA	NA	NA	NA	NA	NA	NA	NA	NA	NA	NA	NA	NA	NA	NA	NA	NA	NA
15	100322763	100354234	0.665690226850053	0.0043320192531805	-0.701069922689069	0.980992411286431	0	0	0.923842535862845	1	0	0.0761574641371554	0.0387540099728038	0.0388073334291227	0.824289081454372	0.979790864211778	0	0	0.961921267931422	2	0	0.0380787320685777	0.0193770049864021	0.0194036667145614	0.912144540727186	0.989895432105889	1	0	0.536046082496945	1	1	0.463953917503055	0.134211185418817	0.1325526630959	0.222713331533411	0.745895169815246	1	0	0.768023041248473	1	2	0.231976958751527	0.0671055927094086	0.0662763315479499	0.611356665766706	0.872947584907623	NA	NA	NA	NA	NA	NA	NA	NA	NA	NA	NA	NA	NA	NA	NA	NA	NA	NA	NA	NA
15	100356530	100691963	0.884489735356883	6.60805511684325e-06	-0.701356434618239	0.980767097168557	0	0	0.488519800237273	1	0	0.511480199762727	0.0623112331320158	0.0623247422678172	0.34608446072035	0.592497562372528	0	0	0.744259900118636	2	0	0.255740099881364	0.031155616566008	0.0311623711339086	0.673042230360174	0.796248781186263	1	0	0.936201575718636	1	1	0.0637984242813644	0.0147684984695606	0.0145242301072637	0.905737788794423	0.963428141203002	1	0	0.968100787859318	1	2	0.0318992121406823	0.00738424923478032	0.00726211505363187	0.952868894397212	0.981714070601501	NA	NA	NA	NA	NA	NA	NA	NA	NA	NA	NA	NA	NA	NA	NA	NA	NA	NA	NA	NA
15	100694112	102401912	0.936598963226627	1	-0.696202484049609	1.21588528601988	1	0	1	NA	NA	NA	NA	NA	NA	NA	NA	NA	NA	NA	NA	NA	NA	NA	NA	NA	NA	NA	NA	NA	NA	NA	NA	NA	NA	NA	NA	NA	NA	NA	NA	NA	NA	NA	NA	NA	NA	NA	NA	NA	NA	NA	NA	NA	NA	NA	NA	NA	NA	NA	NA	NA	NA	NA	NA	NA
15	102403326	102431166	0.602880646244475	0.0588446973151267	-0.71897187872982	0.966999838349631	0	0	1	NA	NA	NA	NA	NA	NA	NA	NA	NA	NA	NA	NA	NA	NA	NA	NA	NA	NA	NA	NA	NA	NA	NA	NA	NA	NA	NA	NA	NA	NA	NA	NA	NA	NA	NA	NA	NA	NA	NA	NA	NA	NA	NA	NA	NA	NA	NA	NA	NA	NA	NA	NA	NA	NA	NA	NA	NA
16	83807	89996871	0.501319540772039	1	0.234788449944473	2.01696364503044	1	1	1	NA	NA	NA	NA	NA	NA	NA	NA	NA	NA	NA	NA	NA	NA	NA	NA	NA	NA	NA	NA	NA	NA	NA	NA	NA	NA	NA	NA	NA	NA	NA	NA	NA	NA	NA	NA	NA	NA	NA	NA	NA	NA	NA	NA	NA	NA	NA	NA	NA	NA	NA	NA	NA	NA	NA	NA	NA
17	41362	79998834	0.501402328173486	1	0.235610086811704	2.01820020121537	1	1	1	NA	NA	NA	NA	NA	NA	NA	NA	NA	NA	NA	NA	NA	NA	NA	NA	NA	NA	NA	NA	NA	NA	NA	NA	NA	NA	NA	NA	NA	NA	NA	NA	NA	NA	NA	NA	NA	NA	NA	NA	NA	NA	NA	NA	NA	NA	NA	NA	NA	NA	NA	NA	NA	NA	NA	NA	NA
18	125371	77999957	0.500790925298327	1	0.234762877569072	2.01692517013187	1	1	1	NA	NA	NA	NA	NA	NA	NA	NA	NA	NA	NA	NA	NA	NA	NA	NA	NA	NA	NA	NA	NA	NA	NA	NA	NA	NA	NA	NA	NA	NA	NA	NA	NA	NA	NA	NA	NA	NA	NA	NA	NA	NA	NA	NA	NA	NA	NA	NA	NA	NA	NA	NA	NA	NA	NA	NA	NA
19	226776	59097308	0.501734327745476	1	0.236440485219716	2.01945065918873	1	1	1	NA	NA	NA	NA	NA	NA	NA	NA	NA	NA	NA	NA	NA	NA	NA	NA	NA	NA	NA	NA	NA	NA	NA	NA	NA	NA	NA	NA	NA	NA	NA	NA	NA	NA	NA	NA	NA	NA	NA	NA	NA	NA	NA	NA	NA	NA	NA	NA	NA	NA	NA	NA	NA	NA	NA	NA	NA
20	20000786	62884632	0.501618728166716	1	0.235196727869042	2.01757801165308	1	1	1	NA	NA	NA	NA	NA	NA	NA	NA	NA	NA	NA	NA	NA	NA	NA	NA	NA	NA	NA	NA	NA	NA	NA	NA	NA	NA	NA	NA	NA	NA	NA	NA	NA	NA	NA	NA	NA	NA	NA	NA	NA	NA	NA	NA	NA	NA	NA	NA	NA	NA	NA	NA	NA	NA	NA	NA	NA
21	15273817	48097610	0.501058351153694	1	0.236257764559092	2.0191754469593	1	1	1	NA	NA	NA	NA	NA	NA	NA	NA	NA	NA	NA	NA	NA	NA	NA	NA	NA	NA	NA	NA	NA	NA	NA	NA	NA	NA	NA	NA	NA	NA	NA	NA	NA	NA	NA	NA	NA	NA	NA	NA	NA	NA	NA	NA	NA	NA	NA	NA	NA	NA	NA	NA	NA	NA	NA	NA	NA
22	16600330	23055852	0.501181972697402	1	0.235575615092405	2.01814830742956	1	1	1	NA	NA	NA	NA	NA	NA	NA	NA	NA	NA	NA	NA	NA	NA	NA	NA	NA	NA	NA	NA	NA	NA	NA	NA	NA	NA	NA	NA	NA	NA	NA	NA	NA	NA	NA	NA	NA	NA	NA	NA	NA	NA	NA	NA	NA	NA	NA	NA	NA	NA	NA	NA	NA	NA	NA	NA	NA
22	23102474	23227573	0.892652011670994	1.62134685316755e-15	0.25327763098624	2.04496079396225	2	0	0.827076469914945	2	1	0.172923530085055	0.0159756165392697	0.0157295627062477	0.795253998374004	0.854806622255855	2	0	0.913538234957472	2	2	0.0864617650425276	0.00798780826963474	0.00786478135312384	0.897626999187002	0.927403311127927	1	0	0.947333845606125	1	1	0.0526661543938755	0.00828331079803096	0.00815573259990918	0.930833986493509	0.96171184909362	1	0	0.973666922803062	1	2	0.0263330771969378	0.0041416553990154	0.00407786629995459	0.965416993246755	0.98085592454681	NA	NA	NA	NA	NA	NA	NA	NA	NA	NA	NA	NA	NA	NA	NA	NA	NA	NA	NA	NA
22	23254219	49999704	0.501843408653373	1	0.234939061399936	2.01719026122185	1	1	1	NA	NA	NA	NA	NA	NA	NA	NA	NA	NA	NA	NA	NA	NA	NA	NA	NA	NA	NA	NA	NA	NA	NA	NA	NA	NA	NA	NA	NA	NA	NA	NA	NA	NA	NA	NA	NA	NA	NA	NA	NA	NA	NA	NA	NA	NA	NA	NA	NA	NA	NA	NA	NA	NA	NA	NA	NA
