chr	startpos	endpos	BAF	pval	LogR	ntot	nMaj1_A	nMin1_A	frac1_A	nMaj2_A	nMin2_A	frac2_A	SDfrac_A	SDfrac_A_BS	frac1_A_0.025	frac1_A_0.975	nMaj1_B	nMin1_B	frac1_B	nMaj2_B	nMin2_B	frac2_B	SDfrac_B	SDfrac_B_BS	frac1_B_0.025	frac1_B_0.975	nMaj1_C	nMin1_C	frac1_C	nMaj2_C	nMin2_C	frac2_C	SDfrac_C	SDfrac_C_BS	frac1_C_0.025	frac1_C_0.975	nMaj1_D	nMin1_D	frac1_D	nMaj2_D	nMin2_D	frac2_D	SDfrac_D	SDfrac_D_BS	frac1_D_0.025	frac1_D_0.975	nMaj1_E	nMin1_E	frac1_E	nMaj2_E	nMin2_E	frac2_E	SDfrac_E	SDfrac_E_BS	frac1_E_0.025	frac1_E_0.975	nMaj1_F	nMin1_F	frac1_F	nMaj2_F	nMin2_F	frac2_F	SDfrac_F	SDfrac_F_BS	frac1_F_0.025	frac1_F_0.975
1	811735	249223191	0.501579689604554	1	0.420666976934715	4.06801426665682	2	2	1	NA	NA	NA	NA	NA	NA	NA	NA	NA	NA	NA	NA	NA	NA	NA	NA	NA	NA	NA	NA	NA	NA	NA	NA	NA	NA	NA	NA	NA	NA	NA	NA	NA	NA	NA	NA	NA	NA	NA	NA	NA	NA	NA	NA	NA	NA	NA	NA	NA	NA	NA	NA	NA	NA	NA	NA	NA
2	23368	89062334	0.837363453001452	1	-0.354095409649554	2.08918794286528	2	0	1	NA	NA	NA	NA	NA	NA	NA	NA	NA	NA	NA	NA	NA	NA	NA	NA	NA	NA	NA	NA	NA	NA	NA	NA	NA	NA	NA	NA	NA	NA	NA	NA	NA	NA	NA	NA	NA	NA	NA	NA	NA	NA	NA	NA	NA	NA	NA	NA	NA	NA	NA	NA	NA	NA	NA	NA	NA
2	89066386	98631100	0.778680167882554	0.000643881986746941	-0.367062307239088	1.94513290283199	1	0	0.769136791877655	2	0	0.230863208122345	0.0752224149556288	0.0762856640817107	0.62496155947896	0.910967777240602	0	0	0.384568395938827	2	0	0.615431604061173	0.0376112074778142	0.0381428320408553	0.31248077973948	0.455483888620301	1	0	0.884568395938827	3	0	0.115431604061173	0.0376112074778142	0.0381428320408554	0.812480779739479	0.9554838886203	2	0	0.781392627326566	2	1	0.218607372673434	0.0309097828120879	0.0313694021177674	0.717258213373909	0.834899442823718	2	0	0.890696313663283	2	2	0.109303686336717	0.0154548914060441	0.0156847010588837	0.858629106686954	0.917449721411859	NA	NA	NA	NA	NA	NA	NA	NA	NA	NA
2	98655622	112012682	0.836295675519032	1	-0.35432560347835	2.06918506347449	2	0	1	NA	NA	NA	NA	NA	NA	NA	NA	NA	NA	NA	NA	NA	NA	NA	NA	NA	NA	NA	NA	NA	NA	NA	NA	NA	NA	NA	NA	NA	NA	NA	NA	NA	NA	NA	NA	NA	NA	NA	NA	NA	NA	NA	NA	NA	NA	NA	NA	NA	NA	NA	NA	NA	NA	NA	NA	NA
2	112017145	112611915	0.675126294424356	1.34699205466799e-05	-0.37253984128854	1.93405740987638	1	0	0.772361290940665	1	1	0.227638709059335	0.056007678595108	0.0581187156404645	0.649500211113894	0.871772705169744	1	0	0.886180645470333	1	2	0.113819354529667	0.028003839297554	0.0290593578202322	0.824750105556947	0.935886352584872	2	0	0.291156947014694	2	1	0.708843052985306	0.0936280781448374	0.0971571003504914	0.0857699880918022	0.457343082441167	2	0	0.645578473507347	2	2	0.354421526492653	0.0468140390724185	0.0485785501752457	0.542884994045901	0.728671541220584	NA	NA	NA	NA	NA	NA	NA	NA	NA	NA	NA	NA	NA	NA	NA	NA	NA	NA	NA	NA
2	112612637	131925316	0.836425044310537	1	-0.353292564258298	2.07159465048406	2	0	1	NA	NA	NA	NA	NA	NA	NA	NA	NA	NA	NA	NA	NA	NA	NA	NA	NA	NA	NA	NA	NA	NA	NA	NA	NA	NA	NA	NA	NA	NA	NA	NA	NA	NA	NA	NA	NA	NA	NA	NA	NA	NA	NA	NA	NA	NA	NA	NA	NA	NA	NA	NA	NA	NA	NA	NA	NA
2	131929147	132941090	0.719169648453369	0.0506363110480147	-0.351877914989505	1.97605629063774	1	0	1	NA	NA	NA	NA	NA	NA	NA	NA	NA	NA	NA	NA	NA	NA	NA	NA	NA	NA	NA	NA	NA	NA	NA	NA	NA	NA	NA	NA	NA	NA	NA	NA	NA	NA	NA	NA	NA	NA	NA	NA	NA	NA	NA	NA	NA	NA	NA	NA	NA	NA	NA	NA	NA	NA	NA	NA	NA
2	132962335	241611847	0.838217898788477	1	-0.352590122721866	2.10538462098248	2	0	1	NA	NA	NA	NA	NA	NA	NA	NA	NA	NA	NA	NA	NA	NA	NA	NA	NA	NA	NA	NA	NA	NA	NA	NA	NA	NA	NA	NA	NA	NA	NA	NA	NA	NA	NA	NA	NA	NA	NA	NA	NA	NA	NA	NA	NA	NA	NA	NA	NA	NA	NA	NA	NA	NA	NA	NA	NA
2	241612242	242418673	0.760818000553896	1	-0.365264765416781	1.94877667956361	1	0	1	NA	NA	NA	NA	NA	NA	NA	NA	NA	NA	NA	NA	NA	NA	NA	NA	NA	NA	NA	NA	NA	NA	NA	NA	NA	NA	NA	NA	NA	NA	NA	NA	NA	NA	NA	NA	NA	NA	NA	NA	NA	NA	NA	NA	NA	NA	NA	NA	NA	NA	NA	NA	NA	NA	NA	NA	NA
2	242428910	242985695	0.829314341074297	1	-0.347331471018537	1.98537872765765	2	0	1	NA	NA	NA	NA	NA	NA	NA	NA	NA	NA	NA	NA	NA	NA	NA	NA	NA	NA	NA	NA	NA	NA	NA	NA	NA	NA	NA	NA	NA	NA	NA	NA	NA	NA	NA	NA	NA	NA	NA	NA	NA	NA	NA	NA	NA	NA	NA	NA	NA	NA	NA	NA	NA	NA	NA	NA	NA
3	60596	65710805	0.838568468114717	1	-0.353077117079932	2.11207953694068	2	0	1	NA	NA	NA	NA	NA	NA	NA	NA	NA	NA	NA	NA	NA	NA	NA	NA	NA	NA	NA	NA	NA	NA	NA	NA	NA	NA	NA	NA	NA	NA	NA	NA	NA	NA	NA	NA	NA	NA	NA	NA	NA	NA	NA	NA	NA	NA	NA	NA	NA	NA	NA	NA	NA	NA	NA	NA	NA
3	65711119	66698126	0.776339048411464	0.00266486174459408	-0.35520743210021	1.96924776100096	1	0	0.792252496689043	2	0	0.207747503310957	0.0762645223311201	0.0739334204943389	0.648383502803128	0.940669406958366	0	0	0.396126248344521	2	0	0.603873751655479	0.0381322611655603	0.0359703650274278	0.327691098678414	0.463845699228679	1	0	0.896126248344521	3	0	0.103873751655479	0.0381322611655605	0.0359703650274278	0.827691098678414	0.963845699228679	2	0	0.771754431687494	2	1	0.228245568312506	0.0321961895498192	0.0305194376955586	0.709046012638664	0.825255865527683	2	0	0.885877215843747	2	2	0.114122784156253	0.0160980947749094	0.0152597188477793	0.854523006319332	0.912627932763842	NA	NA	NA	NA	NA	NA	NA	NA	NA	NA
3	66699668	197846280	0.83781991217316	1	-0.353283112680809	2.09781924495498	2	0	1	NA	NA	NA	NA	NA	NA	NA	NA	NA	NA	NA	NA	NA	NA	NA	NA	NA	NA	NA	NA	NA	NA	NA	NA	NA	NA	NA	NA	NA	NA	NA	NA	NA	NA	NA	NA	NA	NA	NA	NA	NA	NA	NA	NA	NA	NA	NA	NA	NA	NA	NA	NA	NA	NA	NA	NA	NA
4	109541	132578484	0.792294012272431	0	-0.266310673661649	2.15653395621694	2	0	0.836311042989574	2	1	0.163688957010426	0.0012018241909067	0.00119111788111068	0.834091937195882	0.838730335321024	2	0	0.918155521494787	2	2	0.0818444785052133	0.000600912095453376	0.000586444557920434	0.917062375609135	0.919331985657452	1	0	0.624391149881455	2	0	0.375608850118545	0.00343421812079531	0.00330972252299305	0.617692391639017	0.630633007415569	0	0	0.312195574940727	2	0	0.687804425059273	0.00171710906039765	0.00170219802976697	0.308822949958378	0.315392813099655	1	0	0.812195574940726	3	0	0.187804425059274	0.00171710906039763	0.00171486924475794	0.809009799865142	0.815562992589257	NA	NA	NA	NA	NA	NA	NA	NA	NA	NA
4	132581378	132898319	0.667289483717899	0.00178009706510701	-0.250278589898788	2.19155561482606	2	0	0.247863440898072	2	1	0.752136559101928	0.0732201743210701	0.075569114673774	0.0954907488809799	0.389639680222011	2	0	0.623931720449036	2	2	0.376068279550964	0.036610087160535	0.037784557336887	0.54774537444049	0.694819840111006	1	0	0.746463410477028	1	1	0.253536589522972	0.0437998095369259	0.0452049296560188	0.655315104004657	0.831272991126485	1	0	0.873231705238514	1	2	0.126768294761486	0.0218999047684628	0.0226024648280094	0.827657552002329	0.915636495563243	NA	NA	NA	NA	NA	NA	NA	NA	NA	NA	NA	NA	NA	NA	NA	NA	NA	NA	NA	NA
4	132898550	190781263	0.791616316322547	0	-0.26637202024711	2.15640069229366	2	0	0.833621883968558	2	1	0.166378116031442	0.00183742156458216	0.00184921173594699	0.830201929696741	0.837500838298283	2	0	0.916810941984279	2	2	0.0831890580157209	0.000918710782290999	0.000924605867973493	0.91510096484837	0.918750419149142	1	0	0.632043876973396	2	0	0.367956123026604	0.00520743924485123	0.00513582518348435	0.622203519772649	0.641685844249311	0	0	0.316021938486698	2	0	0.683978061513302	0.00260371962242575	0.00263269166424948	0.3108362457627	0.321163079978668	1	0	0.816021938486698	3	0	0.183978061513302	0.00260371962242589	0.00251188269702198	0.811384595377139	0.821091386204293	NA	NA	NA	NA	NA	NA	NA	NA	NA	NA
5	859234	20700328	0.840733997235003	1	-0.352841729922908	2.1540885651528	2	0	1	NA	NA	NA	NA	NA	NA	NA	NA	NA	NA	NA	NA	NA	NA	NA	NA	NA	NA	NA	NA	NA	NA	NA	NA	NA	NA	NA	NA	NA	NA	NA	NA	NA	NA	NA	NA	NA	NA	NA	NA	NA	NA	NA	NA	NA	NA	NA	NA	NA	NA	NA	NA	NA	NA	NA	NA	NA
5	20701278	20932341	0.622070591438824	3.37383761200771e-09	-0.35588799815535	1.96785800456178	1	0	0.584286083885335	1	1	0.415713916114665	0.0723887603957868	0.0729131714187869	0.431981915702648	0.721184341838013	1	0	0.792143041942668	1	2	0.207856958057332	0.0361943801978934	0.0364565857093935	0.715990957851324	0.860592170919007	1	1	0.038266984419685	2	1	0.961733015580315	0.196430165876553	0.201128084652728	-0.400439391568707	0.391251560476357	0	1	0.0191334922098425	2	1	0.980866507790157	0.0982150829382766	0.100564042326364	-0.200219695784354	0.195625780238178	1	1	0.519133492209842	3	1	0.480866507790158	0.0982150829382767	0.100564042326364	0.299780304215645	0.695625780238178	NA	NA	NA	NA	NA	NA	NA	NA	NA	NA
5	20961475	22125317	0.795340841393853	7.03985709311319e-10	-0.352129780039307	1.97554070225334	1	0	0.589359389601088	2	0	0.410640610398912	0.0756399916152232	0.07415932250897	0.44630004301322	0.737993279480029	0	0	0.294679694800544	2	0	0.705320305199456	0.0378199958076114	0.037079661254485	0.22315002150661	0.368996639740014	1	0	0.794679694800543	3	0	0.205320305199457	0.0378199958076114	0.0370796612544851	0.72315002150661	0.868996639740014	2	0	0.848344520342994	2	1	0.151655479657006	0.0254794286666484	0.0251299993836458	0.793934953492121	0.89275212246762	2	0	0.924172260171497	2	2	0.0758277398285028	0.0127397143333244	0.0125649996918229	0.89696747674606	0.94637606123381	NA	NA	NA	NA	NA	NA	NA	NA	NA	NA
5	22126459	22212141	0.505853249381289	1	-0.370490542170909	1.9381961399923	1	1	1	NA	NA	NA	NA	NA	NA	NA	NA	NA	NA	NA	NA	NA	NA	NA	NA	NA	NA	NA	NA	NA	NA	NA	NA	NA	NA	NA	NA	NA	NA	NA	NA	NA	NA	NA	NA	NA	NA	NA	NA	NA	NA	NA	NA	NA	NA	NA	NA	NA	NA	NA	NA	NA	NA	NA	NA	NA
5	22215018	75245432	0.839048455020626	1	-0.352842798373833	2.12129327640226	2	0	1	NA	NA	NA	NA	NA	NA	NA	NA	NA	NA	NA	NA	NA	NA	NA	NA	NA	NA	NA	NA	NA	NA	NA	NA	NA	NA	NA	NA	NA	NA	NA	NA	NA	NA	NA	NA	NA	NA	NA	NA	NA	NA	NA	NA	NA	NA	NA	NA	NA	NA	NA	NA	NA	NA	NA	NA	NA
5	75245914	75270522	0.616981158388945	1	-0.308714110929682	2.06575905714363	2	1	1	NA	NA	NA	NA	NA	NA	NA	NA	NA	NA	NA	NA	NA	NA	NA	NA	NA	NA	NA	NA	NA	NA	NA	NA	NA	NA	NA	NA	NA	NA	NA	NA	NA	NA	NA	NA	NA	NA	NA	NA	NA	NA	NA	NA	NA	NA	NA	NA	NA	NA	NA	NA	NA	NA	NA	NA	NA
5	75270673	180742812	0.838232628473972	1	-0.352478595891382	2.10566533372598	2	0	1	NA	NA	NA	NA	NA	NA	NA	NA	NA	NA	NA	NA	NA	NA	NA	NA	NA	NA	NA	NA	NA	NA	NA	NA	NA	NA	NA	NA	NA	NA	NA	NA	NA	NA	NA	NA	NA	NA	NA	NA	NA	NA	NA	NA	NA	NA	NA	NA	NA	NA	NA	NA	NA	NA	NA	NA	NA
6	203397	170898626	0.62415665613173	1	0.085754941342048	3.02274416781833	2	1	1	NA	NA	NA	NA	NA	NA	NA	NA	NA	NA	NA	NA	NA	NA	NA	NA	NA	NA	NA	NA	NA	NA	NA	NA	NA	NA	NA	NA	NA	NA	NA	NA	NA	NA	NA	NA	NA	NA	NA	NA	NA	NA	NA	NA	NA	NA	NA	NA	NA	NA	NA	NA	NA	NA	NA	NA	NA
7	80500	159122659	0.501524662164469	1	0.420816797273807	4.06853825984173	2	2	1	NA	NA	NA	NA	NA	NA	NA	NA	NA	NA	NA	NA	NA	NA	NA	NA	NA	NA	NA	NA	NA	NA	NA	NA	NA	NA	NA	NA	NA	NA	NA	NA	NA	NA	NA	NA	NA	NA	NA	NA	NA	NA	NA	NA	NA	NA	NA	NA	NA	NA	NA	NA	NA	NA	NA	NA	NA
8	143207	122423486	0.839539163874477	1	-0.353482851875962	2.13076981527981	2	0	1	NA	NA	NA	NA	NA	NA	NA	NA	NA	NA	NA	NA	NA	NA	NA	NA	NA	NA	NA	NA	NA	NA	NA	NA	NA	NA	NA	NA	NA	NA	NA	NA	NA	NA	NA	NA	NA	NA	NA	NA	NA	NA	NA	NA	NA	NA	NA	NA	NA	NA	NA	NA	NA	NA	NA	NA	NA
8	122423515	122437383	0.501443975567882	1	-0.394437083477673	1.89019919059735	1	1	1	NA	NA	NA	NA	NA	NA	NA	NA	NA	NA	NA	NA	NA	NA	NA	NA	NA	NA	NA	NA	NA	NA	NA	NA	NA	NA	NA	NA	NA	NA	NA	NA	NA	NA	NA	NA	NA	NA	NA	NA	NA	NA	NA	NA	NA	NA	NA	NA	NA	NA	NA	NA	NA	NA	NA	NA	NA
8	122438241	146273484	0.840864896289888	1	-0.352496287821999	2.15666451554081	2	0	1	NA	NA	NA	NA	NA	NA	NA	NA	NA	NA	NA	NA	NA	NA	NA	NA	NA	NA	NA	NA	NA	NA	NA	NA	NA	NA	NA	NA	NA	NA	NA	NA	NA	NA	NA	NA	NA	NA	NA	NA	NA	NA	NA	NA	NA	NA	NA	NA	NA	NA	NA	NA	NA	NA	NA	NA	NA
9	203761	1827707	0.88199354668133	1.2740295997434e-08	0.417242132886694	4.05605078124043	4	0	0.888184158011669	4	1	0.111815841988331	0.019994936442204	0.0201328883316904	0.848124364550311	0.924959680814079	4	0	0.944092079005834	4	2	0.0559079209941656	0.00999746822110198	0.0100664441658452	0.924062182275155	0.96247984040704	3	0	0.835724219116449	4	0	0.164275780883551	0.121723687200917	0.122786443866735	0.593587344100945	1.06300306193728	2	0	0.417862109558226	4	0	0.582137890441774	0.0608618436004583	0.0613932219333677	0.296793672050474	0.53150153096864	3	0	0.917862109558224	5	0	0.0821378904417758	0.0608618436004582	0.0613932219333677	0.796793672050473	1.03150153096864	NA	NA	NA	NA	NA	NA	NA	NA	NA	NA
9	1829151	1949298	0.770460675504787	0.482858367666038	0.411548571162905	4.03622507438962	4	1	1	NA	NA	NA	NA	NA	NA	NA	NA	NA	NA	NA	NA	NA	NA	NA	NA	NA	NA	NA	NA	NA	NA	NA	NA	NA	NA	NA	NA	NA	NA	NA	NA	NA	NA	NA	NA	NA	NA	NA	NA	NA	NA	NA	NA	NA	NA	NA	NA	NA	NA	NA	NA	NA	NA	NA	NA	NA
9	1949365	2960546	0.902950744757964	1	0.415119996543778	4.16171114703384	4	0	1	NA	NA	NA	NA	NA	NA	NA	NA	NA	NA	NA	NA	NA	NA	NA	NA	NA	NA	NA	NA	NA	NA	NA	NA	NA	NA	NA	NA	NA	NA	NA	NA	NA	NA	NA	NA	NA	NA	NA	NA	NA	NA	NA	NA	NA	NA	NA	NA	NA	NA	NA	NA	NA	NA	NA	NA	NA
9	2960635	2963183	0.67106636278595	0.051205851231446	0.44916937171645	4.16868674598909	3	1	1	NA	NA	NA	NA	NA	NA	NA	NA	NA	NA	NA	NA	NA	NA	NA	NA	NA	NA	NA	NA	NA	NA	NA	NA	NA	NA	NA	NA	NA	NA	NA	NA	NA	NA	NA	NA	NA	NA	NA	NA	NA	NA	NA	NA	NA	NA	NA	NA	NA	NA	NA	NA	NA	NA	NA	NA	NA
9	2963248	140250633	0.89745466115251	1	0.417512668483075	4.0569947692295	4	0	1	NA	NA	NA	NA	NA	NA	NA	NA	NA	NA	NA	NA	NA	NA	NA	NA	NA	NA	NA	NA	NA	NA	NA	NA	NA	NA	NA	NA	NA	NA	NA	NA	NA	NA	NA	NA	NA	NA	NA	NA	NA	NA	NA	NA	NA	NA	NA	NA	NA	NA	NA	NA	NA	NA	NA	NA	NA
9	140258671	140297684	0.573740407012843	1	0.423983146124349	4.07962522912567	3	2	1	NA	NA	NA	NA	NA	NA	NA	NA	NA	NA	NA	NA	NA	NA	NA	NA	NA	NA	NA	NA	NA	NA	NA	NA	NA	NA	NA	NA	NA	NA	NA	NA	NA	NA	NA	NA	NA	NA	NA	NA	NA	NA	NA	NA	NA	NA	NA	NA	NA	NA	NA	NA	NA	NA	NA	NA	NA
9	140299771	141069765	0.858002367119286	1.53421273011741e-06	0.409232531136078	4.02818268850168	4	0	0.745877925881825	4	1	0.254122074118175	0.0545126733365263	0.0542641877346223	0.630927967749857	0.842441855369253	4	0	0.872938962940912	4	2	0.127061037059088	0.0272563366682632	0.0271320938673111	0.815463983874929	0.921220927684626	3	0	0.911375875913672	3	1	0.0886241240863279	0.0423684074131066	0.0421752791261714	0.822034327239495	0.986427412657744	3	0	0.955687937956836	3	2	0.044312062043164	0.0211842037065533	0.0210876395630857	0.911017163619747	0.993213706328872	NA	NA	NA	NA	NA	NA	NA	NA	NA	NA	NA	NA	NA	NA	NA	NA	NA	NA	NA	NA
10	202805	135216590	0.623962616376785	1	0.0857741005720379	3.02279729229665	2	1	1	NA	NA	NA	NA	NA	NA	NA	NA	NA	NA	NA	NA	NA	NA	NA	NA	NA	NA	NA	NA	NA	NA	NA	NA	NA	NA	NA	NA	NA	NA	NA	NA	NA	NA	NA	NA	NA	NA	NA	NA	NA	NA	NA	NA	NA	NA	NA	NA	NA	NA	NA	NA	NA	NA	NA	NA	NA
11	247630	47993662	0.833117043956484	1	-0.352793183265619	1.97418309221971	2	0	1	NA	NA	NA	NA	NA	NA	NA	NA	NA	NA	NA	NA	NA	NA	NA	NA	NA	NA	NA	NA	NA	NA	NA	NA	NA	NA	NA	NA	NA	NA	NA	NA	NA	NA	NA	NA	NA	NA	NA	NA	NA	NA	NA	NA	NA	NA	NA	NA	NA	NA	NA	NA	NA	NA	NA	NA	NA
11	47997475	55078576	0.733774260994101	0.184815677315875	-0.353242466907613	1.97326401799143	1	0	1	NA	NA	NA	NA	NA	NA	NA	NA	NA	NA	NA	NA	NA	NA	NA	NA	NA	NA	NA	NA	NA	NA	NA	NA	NA	NA	NA	NA	NA	NA	NA	NA	NA	NA	NA	NA	NA	NA	NA	NA	NA	NA	NA	NA	NA	NA	NA	NA	NA	NA	NA	NA	NA	NA	NA	NA	NA
11	55078584	88575037	0.832384249347468	1	-0.351911089482934	1.9759883745855	2	0	1	NA	NA	NA	NA	NA	NA	NA	NA	NA	NA	NA	NA	NA	NA	NA	NA	NA	NA	NA	NA	NA	NA	NA	NA	NA	NA	NA	NA	NA	NA	NA	NA	NA	NA	NA	NA	NA	NA	NA	NA	NA	NA	NA	NA	NA	NA	NA	NA	NA	NA	NA	NA	NA	NA	NA	NA	NA
11	88575159	92481427	0.80383529710315	2.14820051190069e-21	-0.356808155190727	1.96598003117868	1	0	0.485945810207208	2	0	0.514054189792792	0.0424359149696463	0.0424954745381424	0.398512165059264	0.565771702352745	0	0	0.242972905103604	2	0	0.757027094896396	0.0212179574848229	0.0212477372690712	0.199256082529632	0.282885851176372	1	0	0.742972905103603	3	0	0.257027094896397	0.021217957484823	0.0212477372690712	0.699256082529631	0.782885851176372	2	0	0.881411757076607	2	1	0.118588242923393	0.0128650467651318	0.0128809316959941	0.856869566074691	0.907587909012607	2	0	0.940705878538304	2	2	0.0592941214616963	0.00643252338256611	0.00644046584799703	0.928434783037345	0.953793954506303	NA	NA	NA	NA	NA	NA	NA	NA	NA	NA
11	92521474	134946288	0.835603223562626	1	-0.35371120458883	2.05635212085283	2	0	1	NA	NA	NA	NA	NA	NA	NA	NA	NA	NA	NA	NA	NA	NA	NA	NA	NA	NA	NA	NA	NA	NA	NA	NA	NA	NA	NA	NA	NA	NA	NA	NA	NA	NA	NA	NA	NA	NA	NA	NA	NA	NA	NA	NA	NA	NA	NA	NA	NA	NA	NA	NA	NA	NA	NA	NA	NA
12	188285	133820866	0.623964407903565	1	0.085673395828434	3.02251806730801	2	1	1	NA	NA	NA	NA	NA	NA	NA	NA	NA	NA	NA	NA	NA	NA	NA	NA	NA	NA	NA	NA	NA	NA	NA	NA	NA	NA	NA	NA	NA	NA	NA	NA	NA	NA	NA	NA	NA	NA	NA	NA	NA	NA	NA	NA	NA	NA	NA	NA	NA	NA	NA	NA	NA	NA	NA	NA	NA
13	19589846	46979279	0.839220097336709	1	-0.352540707541329	2.12460144405062	2	0	1	NA	NA	NA	NA	NA	NA	NA	NA	NA	NA	NA	NA	NA	NA	NA	NA	NA	NA	NA	NA	NA	NA	NA	NA	NA	NA	NA	NA	NA	NA	NA	NA	NA	NA	NA	NA	NA	NA	NA	NA	NA	NA	NA	NA	NA	NA	NA	NA	NA	NA	NA	NA	NA	NA	NA	NA	NA
13	46984940	47038223	0.628830172557007	7.33493940676311e-06	-0.387696720091485	1.90362868839435	1	0	0.610012003636377	1	1	0.389987996363623	0.0917187943838463	0.0916208956998821	0.410222801584333	0.775183810719652	1	0	0.805006001818188	1	2	0.194993998181812	0.0458593971919232	0.0471817888315348	0.703825238549516	0.888973212848414	2	0	0.0197575221541851	2	1	0.980242477845815	0.153326377084857	0.157747663268372	-0.318530392921124	0.300493620958631	2	0	0.509878761077093	2	2	0.490121238922907	0.0766631885424286	0.0788738316341859	0.340734803539438	0.650246810479316	NA	NA	NA	NA	NA	NA	NA	NA	NA	NA	NA	NA	NA	NA	NA	NA	NA	NA	NA	NA
13	47040505	114999838	0.842107807016469	1	-0.352750773419828	2.18133645798294	2	0	1	NA	NA	NA	NA	NA	NA	NA	NA	NA	NA	NA	NA	NA	NA	NA	NA	NA	NA	NA	NA	NA	NA	NA	NA	NA	NA	NA	NA	NA	NA	NA	NA	NA	NA	NA	NA	NA	NA	NA	NA	NA	NA	NA	NA	NA	NA	NA	NA	NA	NA	NA	NA	NA	NA	NA	NA	NA
14	20428592	22917633	0.620349583688116	1	0.0842830142420782	3.01866493477575	2	1	1	NA	NA	NA	NA	NA	NA	NA	NA	NA	NA	NA	NA	NA	NA	NA	NA	NA	NA	NA	NA	NA	NA	NA	NA	NA	NA	NA	NA	NA	NA	NA	NA	NA	NA	NA	NA	NA	NA	NA	NA	NA	NA	NA	NA	NA	NA	NA	NA	NA	NA	NA	NA	NA	NA	NA	NA	NA
14	22920326	22980408	0.892084228399214	1	0.081911739565229	3.64421959280143	4	0	1	NA	NA	NA	NA	NA	NA	NA	NA	NA	NA	NA	NA	NA	NA	NA	NA	NA	NA	NA	NA	NA	NA	NA	NA	NA	NA	NA	NA	NA	NA	NA	NA	NA	NA	NA	NA	NA	NA	NA	NA	NA	NA	NA	NA	NA	NA	NA	NA	NA	NA	NA	NA	NA	NA	NA	NA	NA
14	22983567	107239333	0.620823656236332	1	0.0850731390668539	3.02085413401085	2	1	1	NA	NA	NA	NA	NA	NA	NA	NA	NA	NA	NA	NA	NA	NA	NA	NA	NA	NA	NA	NA	NA	NA	NA	NA	NA	NA	NA	NA	NA	NA	NA	NA	NA	NA	NA	NA	NA	NA	NA	NA	NA	NA	NA	NA	NA	NA	NA	NA	NA	NA	NA	NA	NA	NA	NA	NA	NA
15	20001774	102431166	0.623662776351977	1	0.0848164990352544	3.0201429298752	2	1	1	NA	NA	NA	NA	NA	NA	NA	NA	NA	NA	NA	NA	NA	NA	NA	NA	NA	NA	NA	NA	NA	NA	NA	NA	NA	NA	NA	NA	NA	NA	NA	NA	NA	NA	NA	NA	NA	NA	NA	NA	NA	NA	NA	NA	NA	NA	NA	NA	NA	NA	NA	NA	NA	NA	NA	NA	NA
16	83807	89996871	0.624152089379309	1	0.0849048424491023	3.02038773399333	2	1	1	NA	NA	NA	NA	NA	NA	NA	NA	NA	NA	NA	NA	NA	NA	NA	NA	NA	NA	NA	NA	NA	NA	NA	NA	NA	NA	NA	NA	NA	NA	NA	NA	NA	NA	NA	NA	NA	NA	NA	NA	NA	NA	NA	NA	NA	NA	NA	NA	NA	NA	NA	NA	NA	NA	NA	NA	NA
17	41362	738364	0.77221515267791	0.172122067756498	-0.348486068662333	1.98300845319618	1	0	1	NA	NA	NA	NA	NA	NA	NA	NA	NA	NA	NA	NA	NA	NA	NA	NA	NA	NA	NA	NA	NA	NA	NA	NA	NA	NA	NA	NA	NA	NA	NA	NA	NA	NA	NA	NA	NA	NA	NA	NA	NA	NA	NA	NA	NA	NA	NA	NA	NA	NA	NA	NA	NA	NA	NA	NA	NA
17	744574	746881	0.81118099231306	0.000883518069812855	-0.428574239796878	1.82313960596083	1	0	0.389015323814812	2	0	0.610984676185188	0.2665992140773	0.0120211582435812	2.34911300528157	2.39872380076895	0	0	0.194507661907406	2	0	0.805492338092594	0.13329960703865	0.00601057912179062	1.17455650264078	1.19936190038447	1	0	0.694507661907405	3	0	0.305492338092595	0.13329960703865	0.00601057912179057	1.67455650264078	1.69936190038447	2	0	0.909448707361503	2	1	0.0905512926384973	0.0728303964689337	1.13845201815017	-12.0216434898885	-7.22189551848549	2	0	0.954724353680751	2	2	0.0452756463192486	0.036415198234467	0.569226009075084	-5.51082174494426	-3.11094775924275	NA	NA	NA	NA	NA	NA	NA	NA	NA	NA
17	749026	16591889	0.835453377660691	1	-0.351207194202433	2.05358930043991	2	0	1	NA	NA	NA	NA	NA	NA	NA	NA	NA	NA	NA	NA	NA	NA	NA	NA	NA	NA	NA	NA	NA	NA	NA	NA	NA	NA	NA	NA	NA	NA	NA	NA	NA	NA	NA	NA	NA	NA	NA	NA	NA	NA	NA	NA	NA	NA	NA	NA	NA	NA	NA	NA	NA	NA	NA	NA	NA
17	16594966	16756796	0.502151531338768	1	-0.394968978987986	1.88914211071086	1	1	1	NA	NA	NA	NA	NA	NA	NA	NA	NA	NA	NA	NA	NA	NA	NA	NA	NA	NA	NA	NA	NA	NA	NA	NA	NA	NA	NA	NA	NA	NA	NA	NA	NA	NA	NA	NA	NA	NA	NA	NA	NA	NA	NA	NA	NA	NA	NA	NA	NA	NA	NA	NA	NA	NA	NA	NA	NA
17	16757300	19922493	0.835254295363514	1	-0.349869842842575	2.04992644628474	2	0	1	NA	NA	NA	NA	NA	NA	NA	NA	NA	NA	NA	NA	NA	NA	NA	NA	NA	NA	NA	NA	NA	NA	NA	NA	NA	NA	NA	NA	NA	NA	NA	NA	NA	NA	NA	NA	NA	NA	NA	NA	NA	NA	NA	NA	NA	NA	NA	NA	NA	NA	NA	NA	NA	NA	NA	NA	NA
17	19923924	19942024	0.553250207557653	0.355374491291911	-0.423950908818258	1.83212912143509	1	1	1	NA	NA	NA	NA	NA	NA	NA	NA	NA	NA	NA	NA	NA	NA	NA	NA	NA	NA	NA	NA	NA	NA	NA	NA	NA	NA	NA	NA	NA	NA	NA	NA	NA	NA	NA	NA	NA	NA	NA	NA	NA	NA	NA	NA	NA	NA	NA	NA	NA	NA	NA	NA	NA	NA	NA	NA	NA
17	19942335	21284223	0.784048621998954	0.000631750943257558	-0.353372653268124	1.97299775656939	1	0	0.714237467840318	2	0	0.285762532159682	0.0951587208145876	0.0929431296235392	0.524825876974853	0.884384488429394	0	0	0.357118733920159	2	0	0.642881266079841	0.047579360407294	0.0464715648117696	0.262412938487426	0.442192244214697	1	0	0.857118733920158	3	0	0.142881266079842	0.0475793604072939	0.0464715648117696	0.762412938487425	0.942192244214696	2	0	0.803276785300823	2	1	0.196723214699177	0.0366991113754666	0.0358820953079072	0.729426072990018	0.869209289686783	2	0	0.901638392650411	2	2	0.0983616073495889	0.0183495556877332	0.0179410476539536	0.864713036495009	0.934604644843392	NA	NA	NA	NA	NA	NA	NA	NA	NA	NA
17	21286227	79998834	0.835397833119477	1	-0.354449551678715	2.05256646228708	2	0	1	NA	NA	NA	NA	NA	NA	NA	NA	NA	NA	NA	NA	NA	NA	NA	NA	NA	NA	NA	NA	NA	NA	NA	NA	NA	NA	NA	NA	NA	NA	NA	NA	NA	NA	NA	NA	NA	NA	NA	NA	NA	NA	NA	NA	NA	NA	NA	NA	NA	NA	NA	NA	NA	NA	NA	NA	NA
18	125371	77999957	0.76212575232062	1	-0.982194011482707	1.1192141571836	1	0	1	NA	NA	NA	NA	NA	NA	NA	NA	NA	NA	NA	NA	NA	NA	NA	NA	NA	NA	NA	NA	NA	NA	NA	NA	NA	NA	NA	NA	NA	NA	NA	NA	NA	NA	NA	NA	NA	NA	NA	NA	NA	NA	NA	NA	NA	NA	NA	NA	NA	NA	NA	NA	NA	NA	NA	NA	NA
19	226776	59097308	0.622438940954331	1	0.0864865574939203	3.0247732851132	2	1	1	NA	NA	NA	NA	NA	NA	NA	NA	NA	NA	NA	NA	NA	NA	NA	NA	NA	NA	NA	NA	NA	NA	NA	NA	NA	NA	NA	NA	NA	NA	NA	NA	NA	NA	NA	NA	NA	NA	NA	NA	NA	NA	NA	NA	NA	NA	NA	NA	NA	NA	NA	NA	NA	NA	NA	NA	NA
20	20000786	62884632	0.502192928975717	1	0.419997051369156	4.06567188297388	2	2	1	NA	NA	NA	NA	NA	NA	NA	NA	NA	NA	NA	NA	NA	NA	NA	NA	NA	NA	NA	NA	NA	NA	NA	NA	NA	NA	NA	NA	NA	NA	NA	NA	NA	NA	NA	NA	NA	NA	NA	NA	NA	NA	NA	NA	NA	NA	NA	NA	NA	NA	NA	NA	NA	NA	NA	NA	NA
21	15273817	48097610	0.589769953857356	0	-0.0498739508976382	2.66381256878526	1	1	0.34843507032605	2	1	0.65156492967395	0.00436405783182198	0.00449796083316528	0.339723208556262	0.357250811169679	0	1	0.174217535163025	2	1	0.825782464836975	0.00218202891591095	0.00224898041658264	0.169861604278131	0.17862540558484	1	1	0.674217535163025	3	1	0.325782464836975	0.00218202891591102	0.00224694724862004	0.669563141800689	0.67844079942402	2	1	0.757636797122861	2	2	0.242363202877139	0.00352970454718354	0.00363425807221326	0.750749105283485	0.765105163582114	2	0	0.378818398561431	2	2	0.621181601438569	0.00176485227359174	0.00181712903610663	0.375374552641742	0.382552581791057	2	1	0.878818398561431	2	3	0.121181601438569	0.00176485227359197	0.00170359675923342	0.875399948813899	0.881995136315051
22	16600330	23055852	0.624105373825957	1	0.0857726243454279	3.0227931990085	2	1	1	NA	NA	NA	NA	NA	NA	NA	NA	NA	NA	NA	NA	NA	NA	NA	NA	NA	NA	NA	NA	NA	NA	NA	NA	NA	NA	NA	NA	NA	NA	NA	NA	NA	NA	NA	NA	NA	NA	NA	NA	NA	NA	NA	NA	NA	NA	NA	NA	NA	NA	NA	NA	NA	NA	NA	NA	NA
22	23102474	23227573	0.881584365723891	1	0.0980680337992186	3.23441227556715	3	0	1	NA	NA	NA	NA	NA	NA	NA	NA	NA	NA	NA	NA	NA	NA	NA	NA	NA	NA	NA	NA	NA	NA	NA	NA	NA	NA	NA	NA	NA	NA	NA	NA	NA	NA	NA	NA	NA	NA	NA	NA	NA	NA	NA	NA	NA	NA	NA	NA	NA	NA	NA	NA	NA	NA	NA	NA	NA
22	23254219	49999704	0.62347940214365	1	0.0845017681921569	3.01927091643469	2	1	1	NA	NA	NA	NA	NA	NA	NA	NA	NA	NA	NA	NA	NA	NA	NA	NA	NA	NA	NA	NA	NA	NA	NA	NA	NA	NA	NA	NA	NA	NA	NA	NA	NA	NA	NA	NA	NA	NA	NA	NA	NA	NA	NA	NA	NA	NA	NA	NA	NA	NA	NA	NA	NA	NA	NA	NA	NA
