chr	startpos	endpos	BAF	pval	LogR	ntot	nMaj1_A	nMin1_A	frac1_A	nMaj2_A	nMin2_A	frac2_A	SDfrac_A	SDfrac_A_BS	frac1_A_0.025	frac1_A_0.975	nMaj1_B	nMin1_B	frac1_B	nMaj2_B	nMin2_B	frac2_B	SDfrac_B	SDfrac_B_BS	frac1_B_0.025	frac1_B_0.975	nMaj1_C	nMin1_C	frac1_C	nMaj2_C	nMin2_C	frac2_C	SDfrac_C	SDfrac_C_BS	frac1_C_0.025	frac1_C_0.975	nMaj1_D	nMin1_D	frac1_D	nMaj2_D	nMin2_D	frac2_D	SDfrac_D	SDfrac_D_BS	frac1_D_0.025	frac1_D_0.975	nMaj1_E	nMin1_E	frac1_E	nMaj2_E	nMin2_E	frac2_E	SDfrac_E	SDfrac_E_BS	frac1_E_0.025	frac1_E_0.975	nMaj1_F	nMin1_F	frac1_F	nMaj2_F	nMin2_F	frac2_F	SDfrac_F	SDfrac_F_BS	frac1_F_0.025	frac1_F_0.975
1	811735	6898849	0.920850916993665	1	-0.706621021861253	0.97579708158094	1	0	1	NA	NA	NA	NA	NA	NA	NA	NA	NA	NA	NA	NA	NA	NA	NA	NA	NA	NA	NA	NA	NA	NA	NA	NA	NA	NA	NA	NA	NA	NA	NA	NA	NA	NA	NA	NA	NA	NA	NA	NA	NA	NA	NA	NA	NA	NA	NA	NA	NA	NA	NA	NA	NA	NA	NA	NA	NA
1	6899709	6977623	0.680538682455036	0.0100870249579099	-0.709212505622531	0.973731046127566	0	0	0.900869174506149	1	0	0.0991308254938513	0.0598079701298574	0.0717686698103809	0.719729193823212	0.984243302880785	0	0	0.950434587253074	2	0	0.0495654127469257	0.0299039850649285	0.0358843349051905	0.859864596911606	0.992121651440392	1	0	0.577110220413675	1	1	0.422889779586325	0.157859029550923	0.166916516059586	0.165531834459697	0.826131554096259	1	0	0.788555110206837	1	2	0.211444889793163	0.0789295147754614	0.0834582580297928	0.582765917229848	0.91306577704813	NA	NA	NA	NA	NA	NA	NA	NA	NA	NA	NA	NA	NA	NA	NA	NA	NA	NA	NA	NA
1	6980025	83606735	0.925383134751894	1	-0.700943842742033	1.13401795916713	1	0	1	NA	NA	NA	NA	NA	NA	NA	NA	NA	NA	NA	NA	NA	NA	NA	NA	NA	NA	NA	NA	NA	NA	NA	NA	NA	NA	NA	NA	NA	NA	NA	NA	NA	NA	NA	NA	NA	NA	NA	NA	NA	NA	NA	NA	NA	NA	NA	NA	NA	NA	NA	NA	NA	NA	NA	NA	NA
1	83610036	83774455	0.557450459619758	0.605456971371993	-0.697596847861911	0.983020549009606	0	0	1	NA	NA	NA	NA	NA	NA	NA	NA	NA	NA	NA	NA	NA	NA	NA	NA	NA	NA	NA	NA	NA	NA	NA	NA	NA	NA	NA	NA	NA	NA	NA	NA	NA	NA	NA	NA	NA	NA	NA	NA	NA	NA	NA	NA	NA	NA	NA	NA	NA	NA	NA	NA	NA	NA	NA	NA	NA
1	83962088	96155580	0.923559207793535	1	-0.702540206232926	0.979058005146231	1	0	1	NA	NA	NA	NA	NA	NA	NA	NA	NA	NA	NA	NA	NA	NA	NA	NA	NA	NA	NA	NA	NA	NA	NA	NA	NA	NA	NA	NA	NA	NA	NA	NA	NA	NA	NA	NA	NA	NA	NA	NA	NA	NA	NA	NA	NA	NA	NA	NA	NA	NA	NA	NA	NA	NA	NA	NA	NA
1	96155716	96185913	0.583337135618162	0.642253710924153	-0.714022937566413	0.969905799893708	0	0	1	NA	NA	NA	NA	NA	NA	NA	NA	NA	NA	NA	NA	NA	NA	NA	NA	NA	NA	NA	NA	NA	NA	NA	NA	NA	NA	NA	NA	NA	NA	NA	NA	NA	NA	NA	NA	NA	NA	NA	NA	NA	NA	NA	NA	NA	NA	NA	NA	NA	NA	NA	NA	NA	NA	NA	NA	NA
1	96198292	116378833	0.92965321157934	1	-0.700403058113197	1.21350079303396	1	0	1	NA	NA	NA	NA	NA	NA	NA	NA	NA	NA	NA	NA	NA	NA	NA	NA	NA	NA	NA	NA	NA	NA	NA	NA	NA	NA	NA	NA	NA	NA	NA	NA	NA	NA	NA	NA	NA	NA	NA	NA	NA	NA	NA	NA	NA	NA	NA	NA	NA	NA	NA	NA	NA	NA	NA	NA	NA
1	116380029	116471319	0.786324159197044	3.64718052774631e-05	-0.717928637589334	0.96680936303438	0	0	0.764950514461565	1	0	0.235049485538435	0.0632290420689358	0.0652285907591636	0.602627878789844	0.858599948527139	0	0	0.882475257230782	2	0	0.117524742769218	0.031614521034468	0.0326142953795818	0.801313939394921	0.929299974263569	1	0	0.792132236510274	1	1	0.207867763489726	0.0566864494021067	0.0564475166968306	0.670771872515356	0.890693833735164	1	0	0.896066118255137	1	2	0.103933881744863	0.0283432247010533	0.0281144278849219	0.83702663139044	0.943558029849911	NA	NA	NA	NA	NA	NA	NA	NA	NA	NA	NA	NA	NA	NA	NA	NA	NA	NA	NA	NA
1	116476586	116477807	0.968062634890278	1	-0.723016837265608	2.88387339234234	3	0	1	NA	NA	NA	NA	NA	NA	NA	NA	NA	NA	NA	NA	NA	NA	NA	NA	NA	NA	NA	NA	NA	NA	NA	NA	NA	NA	NA	NA	NA	NA	NA	NA	NA	NA	NA	NA	NA	NA	NA	NA	NA	NA	NA	NA	NA	NA	NA	NA	NA	NA	NA	NA	NA	NA	NA	NA	NA
1	116477850	120519978	0.920496262664571	1	-0.700558674480741	0.980644749804462	1	0	1	NA	NA	NA	NA	NA	NA	NA	NA	NA	NA	NA	NA	NA	NA	NA	NA	NA	NA	NA	NA	NA	NA	NA	NA	NA	NA	NA	NA	NA	NA	NA	NA	NA	NA	NA	NA	NA	NA	NA	NA	NA	NA	NA	NA	NA	NA	NA	NA	NA	NA	NA	NA	NA	NA	NA	NA	NA
1	120644366	121101933	0.578789652418992	0.0846889870974008	-0.714456708132681	0.969561492879552	0	0	1	NA	NA	NA	NA	NA	NA	NA	NA	NA	NA	NA	NA	NA	NA	NA	NA	NA	NA	NA	NA	NA	NA	NA	NA	NA	NA	NA	NA	NA	NA	NA	NA	NA	NA	NA	NA	NA	NA	NA	NA	NA	NA	NA	NA	NA	NA	NA	NA	NA	NA	NA	NA	NA	NA	NA	NA	NA
1	121168848	178071170	0.926348460287903	1	-0.699390635458813	1.15118019611364	1	0	1	NA	NA	NA	NA	NA	NA	NA	NA	NA	NA	NA	NA	NA	NA	NA	NA	NA	NA	NA	NA	NA	NA	NA	NA	NA	NA	NA	NA	NA	NA	NA	NA	NA	NA	NA	NA	NA	NA	NA	NA	NA	NA	NA	NA	NA	NA	NA	NA	NA	NA	NA	NA	NA	NA	NA	NA	NA
1	178104293	178185670	0.660975193156628	0.39403209385863	-0.728066786778254	0.958810855224916	0	0	1	NA	NA	NA	NA	NA	NA	NA	NA	NA	NA	NA	NA	NA	NA	NA	NA	NA	NA	NA	NA	NA	NA	NA	NA	NA	NA	NA	NA	NA	NA	NA	NA	NA	NA	NA	NA	NA	NA	NA	NA	NA	NA	NA	NA	NA	NA	NA	NA	NA	NA	NA	NA	NA	NA	NA	NA	NA
1	178218382	207832976	0.929358360476385	1	-0.701165325044687	1.20770361496884	1	0	1	NA	NA	NA	NA	NA	NA	NA	NA	NA	NA	NA	NA	NA	NA	NA	NA	NA	NA	NA	NA	NA	NA	NA	NA	NA	NA	NA	NA	NA	NA	NA	NA	NA	NA	NA	NA	NA	NA	NA	NA	NA	NA	NA	NA	NA	NA	NA	NA	NA	NA	NA	NA	NA	NA	NA	NA	NA
1	207833336	207854703	0.592687790795026	0.263342314887742	-0.686409331249598	0.992038637535132	0	0	1	NA	NA	NA	NA	NA	NA	NA	NA	NA	NA	NA	NA	NA	NA	NA	NA	NA	NA	NA	NA	NA	NA	NA	NA	NA	NA	NA	NA	NA	NA	NA	NA	NA	NA	NA	NA	NA	NA	NA	NA	NA	NA	NA	NA	NA	NA	NA	NA	NA	NA	NA	NA	NA	NA	NA	NA	NA
1	207856484	209592439	0.912699601508745	0.0272180035599958	-0.703596631249058	0.978212945422591	0	0	0.170770858774453	1	0	0.829229141225547	0.0662583912005472	0.0669847890395081	0.0310125992111061	0.291009036414902	0	0	0.585385429387226	2	0	0.414614570612774	0.0331291956002737	0.0320659483967273	0.514665965857183	0.639993701156211	1	0	0.983665639826007	1	1	0.0163343601739928	0.00748587347723656	0.00720570454077003	0.969394028840306	0.997408064522875	1	0	0.991832819913004	1	2	0.00816718008699635	0.00374293673861825	0.00360285227038501	0.984697014420153	0.998704032261438	NA	NA	NA	NA	NA	NA	NA	NA	NA	NA	NA	NA	NA	NA	NA	NA	NA	NA	NA	NA
1	209594361	209603360	0.582538626774164	0.662148815034235	-0.641021235236684	1.02935119920867	1	1	1	NA	NA	NA	NA	NA	NA	NA	NA	NA	NA	NA	NA	NA	NA	NA	NA	NA	NA	NA	NA	NA	NA	NA	NA	NA	NA	NA	NA	NA	NA	NA	NA	NA	NA	NA	NA	NA	NA	NA	NA	NA	NA	NA	NA	NA	NA	NA	NA	NA	NA	NA	NA	NA	NA	NA	NA	NA
1	209604536	236573663	0.928977103266365	1	-0.699415717702685	1.2002789332207	1	0	1	NA	NA	NA	NA	NA	NA	NA	NA	NA	NA	NA	NA	NA	NA	NA	NA	NA	NA	NA	NA	NA	NA	NA	NA	NA	NA	NA	NA	NA	NA	NA	NA	NA	NA	NA	NA	NA	NA	NA	NA	NA	NA	NA	NA	NA	NA	NA	NA	NA	NA	NA	NA	NA	NA	NA	NA	NA
1	236573707	236577800	0.544783192120829	0.767146405902843	-0.740077460567093	0.949407468495859	0	0	1	NA	NA	NA	NA	NA	NA	NA	NA	NA	NA	NA	NA	NA	NA	NA	NA	NA	NA	NA	NA	NA	NA	NA	NA	NA	NA	NA	NA	NA	NA	NA	NA	NA	NA	NA	NA	NA	NA	NA	NA	NA	NA	NA	NA	NA	NA	NA	NA	NA	NA	NA	NA	NA	NA	NA	NA	NA
1	236577846	236809885	0.908961563588506	0.0622315376349581	-0.7216301953252	0.963882496950168	1	0	1	NA	NA	NA	NA	NA	NA	NA	NA	NA	NA	NA	NA	NA	NA	NA	NA	NA	NA	NA	NA	NA	NA	NA	NA	NA	NA	NA	NA	NA	NA	NA	NA	NA	NA	NA	NA	NA	NA	NA	NA	NA	NA	NA	NA	NA	NA	NA	NA	NA	NA	NA	NA	NA	NA	NA	NA	NA
1	236811111	236811526	0.748611111110222	0.0577667298136674	-0.749249758791746	0.942278836181757	1	0	1	NA	NA	NA	NA	NA	NA	NA	NA	NA	NA	NA	NA	NA	NA	NA	NA	NA	NA	NA	NA	NA	NA	NA	NA	NA	NA	NA	NA	NA	NA	NA	NA	NA	NA	NA	NA	NA	NA	NA	NA	NA	NA	NA	NA	NA	NA	NA	NA	NA	NA	NA	NA	NA	NA	NA	NA	NA
1	236811647	248587500	0.924547952958225	1	-0.699233358181436	1.11952383689144	1	0	1	NA	NA	NA	NA	NA	NA	NA	NA	NA	NA	NA	NA	NA	NA	NA	NA	NA	NA	NA	NA	NA	NA	NA	NA	NA	NA	NA	NA	NA	NA	NA	NA	NA	NA	NA	NA	NA	NA	NA	NA	NA	NA	NA	NA	NA	NA	NA	NA	NA	NA	NA	NA	NA	NA	NA	NA	NA
1	248588839	248823325	0.536386417921878	0.723022491635749	-0.707307219815312	0.975249655585691	0	0	1	NA	NA	NA	NA	NA	NA	NA	NA	NA	NA	NA	NA	NA	NA	NA	NA	NA	NA	NA	NA	NA	NA	NA	NA	NA	NA	NA	NA	NA	NA	NA	NA	NA	NA	NA	NA	NA	NA	NA	NA	NA	NA	NA	NA	NA	NA	NA	NA	NA	NA	NA	NA	NA	NA	NA	NA	NA
1	248824239	249223191	0.874115409896598	0.00280198328422616	-0.698587275213416	0.982225544882106	0	0	0.478697557706864	1	0	0.521302442293136	0.0951517313682523	0.0969184838189013	0.242012497741082	0.629281118006176	0	0	0.739348778853431	2	0	0.260651221146569	0.0475758656841262	0.0484592419094507	0.62100624887054	0.814640559003087	1	0	0.931060995890055	1	1	0.0689390041099454	0.0240429708206931	0.023633859427116	0.879332541543397	0.974717560022044	1	0	0.965530497945027	1	2	0.0344695020549727	0.0120214854103466	0.011816929713558	0.939666270771699	0.987358780011022	NA	NA	NA	NA	NA	NA	NA	NA	NA	NA	NA	NA	NA	NA	NA	NA	NA	NA	NA	NA
2	23368	24694044	0.929070324707788	1	-0.701923779619865	1.2020869747003	1	0	1	NA	NA	NA	NA	NA	NA	NA	NA	NA	NA	NA	NA	NA	NA	NA	NA	NA	NA	NA	NA	NA	NA	NA	NA	NA	NA	NA	NA	NA	NA	NA	NA	NA	NA	NA	NA	NA	NA	NA	NA	NA	NA	NA	NA	NA	NA	NA	NA	NA	NA	NA	NA	NA	NA	NA	NA	NA
2	24774503	25448626	0.662574784813777	0.0406085005210176	-0.703163609995278	0.978559254679139	0	0	0.915485274199181	1	0	0.084514725800819	0.0613055051428171	0.0721946034125185	0.72529966319924	0.997502819893318	0	0	0.95774263709959	2	0	0.0422573629004098	0.0306527525714086	0.0360973017062593	0.86264983159962	0.998751409946659	1	0	0.533776680419104	1	1	0.466223319580896	0.189757004751531	0.202230387871041	0.0299873618161134	0.823148215548648	1	0	0.766888340209552	1	2	0.233111659790448	0.0948785023757653	0.101115193935521	0.514993680908057	0.911574107774324	NA	NA	NA	NA	NA	NA	NA	NA	NA	NA	NA	NA	NA	NA	NA	NA	NA	NA	NA	NA
2	25488819	87066850	0.927727943112243	1	-0.701892250779803	1.17650132017626	1	0	1	NA	NA	NA	NA	NA	NA	NA	NA	NA	NA	NA	NA	NA	NA	NA	NA	NA	NA	NA	NA	NA	NA	NA	NA	NA	NA	NA	NA	NA	NA	NA	NA	NA	NA	NA	NA	NA	NA	NA	NA	NA	NA	NA	NA	NA	NA	NA	NA	NA	NA	NA	NA	NA	NA	NA	NA	NA
2	87066973	87118597	0.603807395978519	0.150952370226196	-0.713655464451786	0.970197564065331	0	0	1	NA	NA	NA	NA	NA	NA	NA	NA	NA	NA	NA	NA	NA	NA	NA	NA	NA	NA	NA	NA	NA	NA	NA	NA	NA	NA	NA	NA	NA	NA	NA	NA	NA	NA	NA	NA	NA	NA	NA	NA	NA	NA	NA	NA	NA	NA	NA	NA	NA	NA	NA	NA	NA	NA	NA	NA	NA
2	87123623	98164409	0.893137113978217	2.61549620110357e-07	-0.722669422513731	0.963062116777138	0	0	0.35468185201388	1	0	0.64531814798612	0.0478441265376441	0.0478607972589071	0.254201245704093	0.438845488087519	0	0	0.67734092600694	2	0	0.32265907399306	0.0239220632688218	0.0239303986294536	0.627100622852046	0.719422744043759	1	0	0.957562701479363	1	1	0.0424372985206374	0.00846609892929234	0.0084948911552892	0.940563837884785	0.973233789221299	1	0	0.978781350739681	1	2	0.0212186492603187	0.00423304946464614	0.00424744557764459	0.970281918942392	0.98661689461065	NA	NA	NA	NA	NA	NA	NA	NA	NA	NA	NA	NA	NA	NA	NA	NA	NA	NA	NA	NA
2	98166928	98257657	0.666949228448238	0.000283521989529534	-0.687688780174909	0.991003748003907	0	0	0.912071289391803	1	0	0.0879287106081965	0.0338705404679022	0.0336521214162617	0.832667769939596	0.965978886407991	0	0	0.956035644695902	2	0	0.0439643553040985	0.016935270233951	0.0168260607081309	0.916333884969798	0.982989443203996	1	0	0.544543971736934	1	1	0.455456028263066	0.103482676596647	0.102906771348173	0.303721114500056	0.713026356473451	1	0	0.772271985868467	1	2	0.227728014131533	0.0517413382983238	0.0514533856740863	0.651860557250028	0.856513178236726	NA	NA	NA	NA	NA	NA	NA	NA	NA	NA	NA	NA	NA	NA	NA	NA	NA	NA	NA	NA
2	98262973	112012682	0.925226502726867	1	-0.700816174350969	1.1312750287016	1	0	1	NA	NA	NA	NA	NA	NA	NA	NA	NA	NA	NA	NA	NA	NA	NA	NA	NA	NA	NA	NA	NA	NA	NA	NA	NA	NA	NA	NA	NA	NA	NA	NA	NA	NA	NA	NA	NA	NA	NA	NA	NA	NA	NA	NA	NA	NA	NA	NA	NA	NA	NA	NA	NA	NA	NA	NA	NA
2	112017145	112611915	0.707110764428205	3.02758374489439e-16	-0.725373837334557	0.960929982546394	0	0	0.875961646270222	1	0	0.124038353729778	0.0225538059048896	0.0234396781799316	0.823586466399137	0.915151316769691	0	0	0.937980823135111	2	0	0.0620191768648891	0.0112769029524447	0.0117198390899658	0.911793233199568	0.957575658384845	1	0	0.63717178429074	1	1	0.36282821570926	0.0477651950643798	0.0492401737321777	0.534103986269664	0.725860686827195	1	0	0.81858589214537	1	2	0.18141410785463	0.0238825975321899	0.0245727521237052	0.767339976196678	0.863398956378504	NA	NA	NA	NA	NA	NA	NA	NA	NA	NA	NA	NA	NA	NA	NA	NA	NA	NA	NA	NA
2	112612637	131685969	0.926236103833876	1	-0.700084561524089	1.14915954527614	1	0	1	NA	NA	NA	NA	NA	NA	NA	NA	NA	NA	NA	NA	NA	NA	NA	NA	NA	NA	NA	NA	NA	NA	NA	NA	NA	NA	NA	NA	NA	NA	NA	NA	NA	NA	NA	NA	NA	NA	NA	NA	NA	NA	NA	NA	NA	NA	NA	NA	NA	NA	NA	NA	NA	NA	NA	NA	NA
2	131790799	132962335	0.812805144072489	1.9046119812674e-09	-0.700290727085576	0.980859480482439	0	0	0.706885901136819	1	0	0.293114098863181	0.0445856815770638	0.0447611173786386	0.602454123004128	0.779399705520764	0	0	0.853442950568409	2	0	0.146557049431591	0.0222928407885319	0.0223805586893193	0.801227061502064	0.889699852760382	1	0	0.837199105609137	1	1	0.162800894390863	0.0290816729385369	0.0288049739709032	0.778169440283557	0.89089375469391	1	0	0.918599552804569	1	2	0.0814004471954315	0.0145408364692684	0.0144024869854516	0.889084720141778	0.945446877346955	NA	NA	NA	NA	NA	NA	NA	NA	NA	NA	NA	NA	NA	NA	NA	NA	NA	NA	NA	NA
2	132969619	171719836	0.92700036630927	1	-0.701215452261676	1.16302700575773	1	0	1	NA	NA	NA	NA	NA	NA	NA	NA	NA	NA	NA	NA	NA	NA	NA	NA	NA	NA	NA	NA	NA	NA	NA	NA	NA	NA	NA	NA	NA	NA	NA	NA	NA	NA	NA	NA	NA	NA	NA	NA	NA	NA	NA	NA	NA	NA	NA	NA	NA	NA	NA	NA	NA	NA	NA	NA	NA
2	171720620	171725418	0.597436902662594	0.54836760651435	-0.801267989658047	0.902696964440114	0	0	1	NA	NA	NA	NA	NA	NA	NA	NA	NA	NA	NA	NA	NA	NA	NA	NA	NA	NA	NA	NA	NA	NA	NA	NA	NA	NA	NA	NA	NA	NA	NA	NA	NA	NA	NA	NA	NA	NA	NA	NA	NA	NA	NA	NA	NA	NA	NA	NA	NA	NA	NA	NA	NA	NA	NA	NA	NA
2	171726145	241611847	0.929035922343196	1	-0.700237476749693	1.20141918350457	1	0	1	NA	NA	NA	NA	NA	NA	NA	NA	NA	NA	NA	NA	NA	NA	NA	NA	NA	NA	NA	NA	NA	NA	NA	NA	NA	NA	NA	NA	NA	NA	NA	NA	NA	NA	NA	NA	NA	NA	NA	NA	NA	NA	NA	NA	NA	NA	NA	NA	NA	NA	NA	NA	NA	NA	NA	NA	NA
2	241612242	242418673	0.835866757215064	1.77700567412261e-17	-0.713303736750891	0.970476896401232	0	0	0.641055582198631	1	0	0.358944417801369	0.0335731369604998	0.0335157739563946	0.571199249805318	0.700524958323508	0	0	0.820527791099315	2	0	0.179472208900685	0.01678656848025	0.0167578869781973	0.785599624902659	0.850262479161754	1	0	0.874120449696776	1	1	0.125879550303224	0.0159939880749804	0.0159492464275107	0.841223000953956	0.902822400236577	1	0	0.937060224848388	1	2	0.0629397751516121	0.00799699403749016	0.00797462321375534	0.920611500476978	0.951411200118289	NA	NA	NA	NA	NA	NA	NA	NA	NA	NA	NA	NA	NA	NA	NA	NA	NA	NA	NA	NA
2	242428910	242985695	0.922305612702797	1	-0.695489036400507	0.984714281744989	1	0	1	NA	NA	NA	NA	NA	NA	NA	NA	NA	NA	NA	NA	NA	NA	NA	NA	NA	NA	NA	NA	NA	NA	NA	NA	NA	NA	NA	NA	NA	NA	NA	NA	NA	NA	NA	NA	NA	NA	NA	NA	NA	NA	NA	NA	NA	NA	NA	NA	NA	NA	NA	NA	NA	NA	NA	NA	NA
3	60596	197846280	0.501181571576132	1	0.22438046721256	2.01948121076338	1	1	1	NA	NA	NA	NA	NA	NA	NA	NA	NA	NA	NA	NA	NA	NA	NA	NA	NA	NA	NA	NA	NA	NA	NA	NA	NA	NA	NA	NA	NA	NA	NA	NA	NA	NA	NA	NA	NA	NA	NA	NA	NA	NA	NA	NA	NA	NA	NA	NA	NA	NA	NA	NA	NA	NA	NA	NA	NA
4	109541	190781263	0.501257737870703	1	0.224250112335189	2.01928289998636	1	1	1	NA	NA	NA	NA	NA	NA	NA	NA	NA	NA	NA	NA	NA	NA	NA	NA	NA	NA	NA	NA	NA	NA	NA	NA	NA	NA	NA	NA	NA	NA	NA	NA	NA	NA	NA	NA	NA	NA	NA	NA	NA	NA	NA	NA	NA	NA	NA	NA	NA	NA	NA	NA	NA	NA	NA	NA	NA
5	859234	180742812	0.501358486199212	1	0.224866517567291	2.02022080424577	1	1	1	NA	NA	NA	NA	NA	NA	NA	NA	NA	NA	NA	NA	NA	NA	NA	NA	NA	NA	NA	NA	NA	NA	NA	NA	NA	NA	NA	NA	NA	NA	NA	NA	NA	NA	NA	NA	NA	NA	NA	NA	NA	NA	NA	NA	NA	NA	NA	NA	NA	NA	NA	NA	NA	NA	NA	NA	NA
6	203397	57177666	0.93011153587459	1	-0.702219732297402	1.22260919181832	1	0	1	NA	NA	NA	NA	NA	NA	NA	NA	NA	NA	NA	NA	NA	NA	NA	NA	NA	NA	NA	NA	NA	NA	NA	NA	NA	NA	NA	NA	NA	NA	NA	NA	NA	NA	NA	NA	NA	NA	NA	NA	NA	NA	NA	NA	NA	NA	NA	NA	NA	NA	NA	NA	NA	NA	NA	NA	NA
6	57204495	57601490	0.708277596814186	1.13585754684972e-06	-0.708191242718899	0.974544795082327	0	0	0.874763907746432	1	0	0.125236092253568	0.0380577284409335	0.0386877654779839	0.779369060326569	0.933271119230854	0	0	0.937381953873216	2	0	0.0626180461267842	0.0190288642204669	0.019343882738992	0.889684530163284	0.966635559615427	1	0	0.639705913986504	1	1	0.360294086013496	0.0790329314085418	0.0783906546082642	0.468338190372069	0.775859611206838	1	0	0.819852956993252	1	2	0.180147043006748	0.0395164657042709	0.0391953273041321	0.734169095186034	0.887929805603419	NA	NA	NA	NA	NA	NA	NA	NA	NA	NA	NA	NA	NA	NA	NA	NA	NA	NA	NA	NA
6	57602798	170898626	0.929105870312653	1	-0.700254044739344	1.20277763833644	1	0	1	NA	NA	NA	NA	NA	NA	NA	NA	NA	NA	NA	NA	NA	NA	NA	NA	NA	NA	NA	NA	NA	NA	NA	NA	NA	NA	NA	NA	NA	NA	NA	NA	NA	NA	NA	NA	NA	NA	NA	NA	NA	NA	NA	NA	NA	NA	NA	NA	NA	NA	NA	NA	NA	NA	NA	NA	NA
7	80500	159122659	0.50172686625829	1	0.224603668438911	2.01982081165592	1	1	1	NA	NA	NA	NA	NA	NA	NA	NA	NA	NA	NA	NA	NA	NA	NA	NA	NA	NA	NA	NA	NA	NA	NA	NA	NA	NA	NA	NA	NA	NA	NA	NA	NA	NA	NA	NA	NA	NA	NA	NA	NA	NA	NA	NA	NA	NA	NA	NA	NA	NA	NA	NA	NA	NA	NA	NA	NA
8	143207	28081569	0.957878768940068	1	0.221795452825587	2.01555193426958	2	0	1	NA	NA	NA	NA	NA	NA	NA	NA	NA	NA	NA	NA	NA	NA	NA	NA	NA	NA	NA	NA	NA	NA	NA	NA	NA	NA	NA	NA	NA	NA	NA	NA	NA	NA	NA	NA	NA	NA	NA	NA	NA	NA	NA	NA	NA	NA	NA	NA	NA	NA	NA	NA	NA	NA	NA	NA	NA
8	28081725	28100293	0.527287512166367	0.840929098193931	0.192329632216123	1.97125725869389	1	1	1	NA	NA	NA	NA	NA	NA	NA	NA	NA	NA	NA	NA	NA	NA	NA	NA	NA	NA	NA	NA	NA	NA	NA	NA	NA	NA	NA	NA	NA	NA	NA	NA	NA	NA	NA	NA	NA	NA	NA	NA	NA	NA	NA	NA	NA	NA	NA	NA	NA	NA	NA	NA	NA	NA	NA	NA	NA
8	28102522	28149017	0.847931925407593	0.00279076625923385	0.164967837204865	1.93092773232854	1	0	0.892636427734778	1	1	0.107363572265222	0.0385339045621616	0.0395610397509103	0.807671119231854	0.959656528244212	1	0	0.946318213867389	1	2	0.0536817861326109	0.0192669522810808	0.0202910054790439	0.901481417679262	0.97999859285676	2	0	0.713296471264441	2	1	0.286703528735559	0.0739606861865694	0.0778917530261999	0.541179980596764	0.842586454689771	2	0	0.85664823563222	2	2	0.14335176436778	0.0369803430932847	0.0389458765131	0.770589990298382	0.921293227344885	NA	NA	NA	NA	NA	NA	NA	NA	NA	NA	NA	NA	NA	NA	NA	NA	NA	NA	NA	NA
8	28150727	118774677	0.955698274373869	1	0.224179552198409	2.01917556329504	2	0	1	NA	NA	NA	NA	NA	NA	NA	NA	NA	NA	NA	NA	NA	NA	NA	NA	NA	NA	NA	NA	NA	NA	NA	NA	NA	NA	NA	NA	NA	NA	NA	NA	NA	NA	NA	NA	NA	NA	NA	NA	NA	NA	NA	NA	NA	NA	NA	NA	NA	NA	NA	NA	NA	NA	NA	NA	NA
8	118776829	119348867	0.884710675757225	4.63167605640229e-09	0.23224141561483	2.03147336828529	2	0	0.815650265221803	2	1	0.184349734778197	0.0334427788927866	0.0332551490854712	0.746627882872137	0.876749084104004	2	0	0.907825132610901	2	2	0.0921748673890986	0.0167213894463933	0.0166275745427356	0.873313941436068	0.938374542052002	1	0	0.945963290035366	1	1	0.0540367099646345	0.0174238628194627	0.017326106707927	0.910002267615889	0.977796094421854	1	0	0.972981645017683	1	2	0.0270183549823173	0.00871193140973142	0.00866305335396351	0.955001133807944	0.988898047210927	NA	NA	NA	NA	NA	NA	NA	NA	NA	NA	NA	NA	NA	NA	NA	NA	NA	NA	NA	NA
8	119349285	122421476	0.95963676604237	1	0.222261568011242	2.01625991900713	2	0	1	NA	NA	NA	NA	NA	NA	NA	NA	NA	NA	NA	NA	NA	NA	NA	NA	NA	NA	NA	NA	NA	NA	NA	NA	NA	NA	NA	NA	NA	NA	NA	NA	NA	NA	NA	NA	NA	NA	NA	NA	NA	NA	NA	NA	NA	NA	NA	NA	NA	NA	NA	NA	NA	NA	NA	NA	NA
8	122422897	122437383	0.519061392097228	0.801988965512031	0.192179725691658	1.97103421581575	1	1	1	NA	NA	NA	NA	NA	NA	NA	NA	NA	NA	NA	NA	NA	NA	NA	NA	NA	NA	NA	NA	NA	NA	NA	NA	NA	NA	NA	NA	NA	NA	NA	NA	NA	NA	NA	NA	NA	NA	NA	NA	NA	NA	NA	NA	NA	NA	NA	NA	NA	NA	NA	NA	NA	NA	NA	NA	NA
8	122438241	146273484	0.957276559031805	1	0.223810400790437	2.01861409254425	2	0	1	NA	NA	NA	NA	NA	NA	NA	NA	NA	NA	NA	NA	NA	NA	NA	NA	NA	NA	NA	NA	NA	NA	NA	NA	NA	NA	NA	NA	NA	NA	NA	NA	NA	NA	NA	NA	NA	NA	NA	NA	NA	NA	NA	NA	NA	NA	NA	NA	NA	NA	NA	NA	NA	NA	NA	NA	NA
9	203761	141069765	0.5011711296781	1	0.224542175007728	2.01972724409429	1	1	1	NA	NA	NA	NA	NA	NA	NA	NA	NA	NA	NA	NA	NA	NA	NA	NA	NA	NA	NA	NA	NA	NA	NA	NA	NA	NA	NA	NA	NA	NA	NA	NA	NA	NA	NA	NA	NA	NA	NA	NA	NA	NA	NA	NA	NA	NA	NA	NA	NA	NA	NA	NA	NA	NA	NA	NA	NA
10	202805	725223	0.845816489366373	2.40995387316484e-05	-0.701988974729828	0.979499194196847	0	0	0.606572693015028	1	0	0.393427306984972	0.0684746141581425	0.0704274259388628	0.438868529245318	0.723105337588339	0	0	0.803286346507514	2	0	0.196713653492486	0.0342373070790711	0.0352137129694314	0.719434264622659	0.861552668794169	1	0	0.889428134306519	1	1	0.110571865693481	0.0278343111253682	0.0280992770860066	0.825620294157099	0.940241833107994	1	0	0.944714067153259	1	2	0.0552859328467405	0.013917155562684	0.0140496385430033	0.912810147078549	0.970120916553997	NA	NA	NA	NA	NA	NA	NA	NA	NA	NA	NA	NA	NA	NA	NA	NA	NA	NA	NA	NA
10	725487	10730148	0.929283754891169	1	-0.702805608101664	1.20624443013316	1	0	1	NA	NA	NA	NA	NA	NA	NA	NA	NA	NA	NA	NA	NA	NA	NA	NA	NA	NA	NA	NA	NA	NA	NA	NA	NA	NA	NA	NA	NA	NA	NA	NA	NA	NA	NA	NA	NA	NA	NA	NA	NA	NA	NA	NA	NA	NA	NA	NA	NA	NA	NA	NA	NA	NA	NA	NA	NA
10	10730445	12137566	0.890548084342464	1.89999291638833e-08	-0.694554809227701	0.985465772177921	0	0	0.374095783493484	1	0	0.625904216506516	0.0451779328788941	0.0438398470813123	0.279447713788429	0.449644484098326	0	0	0.687047891746742	2	0	0.312952108253258	0.0225889664394469	0.0219199235406562	0.639723856894214	0.724822242049163	1	0	0.954022134388172	1	1	0.0459778656118279	0.00843703207286028	0.00812415688390061	0.937935934449269	0.969628774980618	1	0	0.977011067194086	1	2	0.0229889328059141	0.00421851603643009	0.0040620784419503	0.968967967224634	0.984814387490309	NA	NA	NA	NA	NA	NA	NA	NA	NA	NA	NA	NA	NA	NA	NA	NA	NA	NA	NA	NA
10	12139086	12140932	0.638455789868203	0.442682087704725	-0.570323774794551	1.08985951645332	1	1	1	NA	NA	NA	NA	NA	NA	NA	NA	NA	NA	NA	NA	NA	NA	NA	NA	NA	NA	NA	NA	NA	NA	NA	NA	NA	NA	NA	NA	NA	NA	NA	NA	NA	NA	NA	NA	NA	NA	NA	NA	NA	NA	NA	NA	NA	NA	NA	NA	NA	NA	NA	NA	NA	NA	NA	NA	NA
10	12141090	12665184	0.908566634473694	0.00479897541774151	-0.710595238094934	0.972630193409403	0	0	0.216182557319561	1	0	0.783817442680439	0.0625778898235244	0.0626386746006135	0.0812201792197597	0.332679737673022	0	0	0.60809127865978	2	0	0.39190872134022	0.0312889449117619	0.0313193373003068	0.540610089609878	0.66633986883651	1	0	0.978244524910095	1	1	0.0217554750899046	0.00782678218951049	0.00779758397070401	0.961300165021323	0.992824046105458	1	0	0.989122262455048	1	2	0.0108777375449524	0.00391339109475525	0.00387605969427431	0.981493001258253	0.996740816350316	NA	NA	NA	NA	NA	NA	NA	NA	NA	NA	NA	NA	NA	NA	NA	NA	NA	NA	NA	NA
10	12665316	12669166	0.631972789115805	0.219047591325531	-0.720895657915564	0.964462707402213	0	0	1	NA	NA	NA	NA	NA	NA	NA	NA	NA	NA	NA	NA	NA	NA	NA	NA	NA	NA	NA	NA	NA	NA	NA	NA	NA	NA	NA	NA	NA	NA	NA	NA	NA	NA	NA	NA	NA	NA	NA	NA	NA	NA	NA	NA	NA	NA	NA	NA	NA	NA	NA	NA	NA	NA	NA	NA	NA
10	12672884	38651494	0.927179404013921	1	-0.701077201241488	1.16631770749496	1	0	1	NA	NA	NA	NA	NA	NA	NA	NA	NA	NA	NA	NA	NA	NA	NA	NA	NA	NA	NA	NA	NA	NA	NA	NA	NA	NA	NA	NA	NA	NA	NA	NA	NA	NA	NA	NA	NA	NA	NA	NA	NA	NA	NA	NA	NA	NA	NA	NA	NA	NA	NA	NA	NA	NA	NA	NA	NA
10	38657754	39005400	0.688943688597816	1.51454135087521e-05	-0.701656739843431	0.979765186397692	0	0	0.893450821838427	1	0	0.106549178161573	0.0355645741852127	0.0371429598725684	0.803575910644406	0.946592123266833	0	0	0.946725410919213	2	0	0.0532745890807865	0.0177822870926063	0.0185714799362842	0.901787955322203	0.973296061633416	1	0	0.596609241568148	1	1	0.403390758431852	0.0888035125207071	0.0889906393330776	0.410846131928704	0.751471273587881	1	0	0.798304620784074	1	2	0.201695379215926	0.0444017562603536	0.0444953196665388	0.705423065964352	0.875735636793941	NA	NA	NA	NA	NA	NA	NA	NA	NA	NA	NA	NA	NA	NA	NA	NA	NA	NA	NA	NA
10	39016344	43119159	0.903071011946841	0.000207942234146349	-0.702764149089441	0.978878816193221	0	0	0.270568323020054	1	0	0.729431676979946	0.0559851355534837	0.0562445613513467	0.149483004587739	0.372852461762952	0	0	0.635284161510026	2	0	0.364715838489974	0.0279925677767416	0.0281222806756734	0.574741502293869	0.686426230881476	1	0	0.970959189916819	1	1	0.0290408100831806	0.00796868682545743	0.00792602764049399	0.954160866546994	0.985720505323679	1	0	0.98547959495841	1	2	0.0145204050415904	0.00398434341272869	0.003963013820247	0.977080433273497	0.99286025266184	NA	NA	NA	NA	NA	NA	NA	NA	NA	NA	NA	NA	NA	NA	NA	NA	NA	NA	NA	NA
10	43122649	43130471	0.693672625112413	0.456996841177492	-0.911794918849413	0.823186178287813	0	0	1	NA	NA	NA	NA	NA	NA	NA	NA	NA	NA	NA	NA	NA	NA	NA	NA	NA	NA	NA	NA	NA	NA	NA	NA	NA	NA	NA	NA	NA	NA	NA	NA	NA	NA	NA	NA	NA	NA	NA	NA	NA	NA	NA	NA	NA	NA	NA	NA	NA	NA	NA	NA	NA	NA	NA	NA	NA
10	43132156	48660703	0.931721775776269	1	-0.700707940267169	1.25557940834045	1	0	1	NA	NA	NA	NA	NA	NA	NA	NA	NA	NA	NA	NA	NA	NA	NA	NA	NA	NA	NA	NA	NA	NA	NA	NA	NA	NA	NA	NA	NA	NA	NA	NA	NA	NA	NA	NA	NA	NA	NA	NA	NA	NA	NA	NA	NA	NA	NA	NA	NA	NA	NA	NA	NA	NA	NA	NA	NA
10	48664519	49319300	0.507026507583016	1	-0.716745257116959	0.967746661427297	0	0	1	NA	NA	NA	NA	NA	NA	NA	NA	NA	NA	NA	NA	NA	NA	NA	NA	NA	NA	NA	NA	NA	NA	NA	NA	NA	NA	NA	NA	NA	NA	NA	NA	NA	NA	NA	NA	NA	NA	NA	NA	NA	NA	NA	NA	NA	NA	NA	NA	NA	NA	NA	NA	NA	NA	NA	NA	NA
10	49363009	52500129	0.922200347566397	1	-0.696844496663126	0.983624817134969	1	0	1	NA	NA	NA	NA	NA	NA	NA	NA	NA	NA	NA	NA	NA	NA	NA	NA	NA	NA	NA	NA	NA	NA	NA	NA	NA	NA	NA	NA	NA	NA	NA	NA	NA	NA	NA	NA	NA	NA	NA	NA	NA	NA	NA	NA	NA	NA	NA	NA	NA	NA	NA	NA	NA	NA	NA	NA	NA
10	52501044	52547708	0.658871242050795	7.20528414111806e-05	-0.714921586673631	0.969192608699743	0	0	0.918307217177289	1	0	0.0816927828227105	0.0263040230146476	0.0264883083664606	0.854815395543563	0.958671330808902	0	0	0.959153608588644	2	0	0.0408463914113556	0.0131520115073239	0.0132441541832303	0.927407697771781	0.979335665404451	1	0	0.524548985570493	1	1	0.475451014429507	0.0867883840587337	0.0840096897940758	0.348015343370914	0.678031819935218	1	0	0.762274492785247	1	2	0.237725507214753	0.0433941920293668	0.0420048448970379	0.674007671685457	0.839015909967609	NA	NA	NA	NA	NA	NA	NA	NA	NA	NA	NA	NA	NA	NA	NA	NA	NA	NA	NA	NA
10	52548308	88870820	0.931177148554253	1	-0.700449264450817	1.24425531620793	1	0	1	NA	NA	NA	NA	NA	NA	NA	NA	NA	NA	NA	NA	NA	NA	NA	NA	NA	NA	NA	NA	NA	NA	NA	NA	NA	NA	NA	NA	NA	NA	NA	NA	NA	NA	NA	NA	NA	NA	NA	NA	NA	NA	NA	NA	NA	NA	NA	NA	NA	NA	NA	NA	NA	NA	NA	NA	NA
10	88902863	89253957	0.67319294478342	3.92209875469993e-10	-0.709826423664235	0.973242149368453	0	0	0.907040130502656	1	0	0.0929598694973437	0.0197404811832549	0.0191359425669249	0.862792529158297	0.938770898131808	0	0	0.953520065251328	2	0	0.0464799347486721	0.00987024059162755	0.00956797128346247	0.931396264579148	0.969385449065904	1	0	0.559669903985399	1	1	0.440330096014601	0.0574596944461075	0.0552389970409751	0.445380412959282	0.662732758275916	1	0	0.779834951992699	1	2	0.220165048007301	0.0287298472230538	0.0276194985204876	0.722690206479641	0.831366379137958	NA	NA	NA	NA	NA	NA	NA	NA	NA	NA	NA	NA	NA	NA	NA	NA	NA	NA	NA	NA
10	89255921	135216590	0.928664500387237	1	-0.700403754607472	1.19425045336657	1	0	1	NA	NA	NA	NA	NA	NA	NA	NA	NA	NA	NA	NA	NA	NA	NA	NA	NA	NA	NA	NA	NA	NA	NA	NA	NA	NA	NA	NA	NA	NA	NA	NA	NA	NA	NA	NA	NA	NA	NA	NA	NA	NA	NA	NA	NA	NA	NA	NA	NA	NA	NA	NA	NA	NA	NA	NA	NA
11	247630	134946288	0.501361826770808	1	0.224471308166675	2.01961941902707	1	1	1	NA	NA	NA	NA	NA	NA	NA	NA	NA	NA	NA	NA	NA	NA	NA	NA	NA	NA	NA	NA	NA	NA	NA	NA	NA	NA	NA	NA	NA	NA	NA	NA	NA	NA	NA	NA	NA	NA	NA	NA	NA	NA	NA	NA	NA	NA	NA	NA	NA	NA	NA	NA	NA	NA	NA	NA	NA
12	188285	133820866	0.501382918163572	1	0.224107745911103	2.01906633633818	1	1	1	NA	NA	NA	NA	NA	NA	NA	NA	NA	NA	NA	NA	NA	NA	NA	NA	NA	NA	NA	NA	NA	NA	NA	NA	NA	NA	NA	NA	NA	NA	NA	NA	NA	NA	NA	NA	NA	NA	NA	NA	NA	NA	NA	NA	NA	NA	NA	NA	NA	NA	NA	NA	NA	NA	NA	NA	NA
13	19589846	46979279	0.931109083513694	1	-0.70003933167478	1.24285266912769	1	0	1	NA	NA	NA	NA	NA	NA	NA	NA	NA	NA	NA	NA	NA	NA	NA	NA	NA	NA	NA	NA	NA	NA	NA	NA	NA	NA	NA	NA	NA	NA	NA	NA	NA	NA	NA	NA	NA	NA	NA	NA	NA	NA	NA	NA	NA	NA	NA	NA	NA	NA	NA	NA	NA	NA	NA	NA	NA
13	46984940	47038223	0.67300943599234	7.38292963173464e-07	-0.724713734788863	0.961450032286332	0	0	0.90719074159798	1	0	0.0928092584020203	0.0247167846936094	0.02615974481329	0.847465814399382	0.947688277225426	0	0	0.95359537079899	2	0	0.0464046292010102	0.0123583923468048	0.013079872406645	0.923732907199691	0.973844138612713	1	0	0.559229341531807	1	1	0.440770658468193	0.0718984952597751	0.0737206211429188	0.405612448397014	0.690248706673959	1	0	0.779614670765904	1	2	0.220385329234096	0.0359492476298875	0.0368603105714594	0.702806224198507	0.845124353336979	NA	NA	NA	NA	NA	NA	NA	NA	NA	NA	NA	NA	NA	NA	NA	NA	NA	NA	NA	NA
13	47040505	114999838	0.933101284053491	1	-0.699932757561887	1.28508764379394	1	0	1	NA	NA	NA	NA	NA	NA	NA	NA	NA	NA	NA	NA	NA	NA	NA	NA	NA	NA	NA	NA	NA	NA	NA	NA	NA	NA	NA	NA	NA	NA	NA	NA	NA	NA	NA	NA	NA	NA	NA	NA	NA	NA	NA	NA	NA	NA	NA	NA	NA	NA	NA	NA	NA	NA	NA	NA	NA
14	20428592	22917633	0.501274141591739	1	0.224266086371822	2.01930720055804	1	1	1	NA	NA	NA	NA	NA	NA	NA	NA	NA	NA	NA	NA	NA	NA	NA	NA	NA	NA	NA	NA	NA	NA	NA	NA	NA	NA	NA	NA	NA	NA	NA	NA	NA	NA	NA	NA	NA	NA	NA	NA	NA	NA	NA	NA	NA	NA	NA	NA	NA	NA	NA	NA	NA	NA	NA	NA	NA
14	22920326	22980408	0.897622393255868	2.29643394092079e-11	0.231052940175654	2.02965611119395	2	0	0.849593896442604	2	1	0.150406103557396	0.0150831498219962	0.0144992970476314	0.820439852280176	0.877524182216593	2	0	0.924796948221302	2	2	0.0752030517786978	0.00754157491099811	0.00724964852381568	0.910219926140088	0.938762091108296	1	0	0.963648099538838	1	1	0.0363519004611622	0.00785839999200999	0.0075542096410852	0.948458689958156	0.978199924594839	1	0	0.981824049769419	1	2	0.0181759502305811	0.00392919999600505	0.0037771048205426	0.974229344979078	0.989099962297419	NA	NA	NA	NA	NA	NA	NA	NA	NA	NA	NA	NA	NA	NA	NA	NA	NA	NA	NA	NA
14	22983567	107239333	0.500897512350115	1	0.224472962279126	2.01962193572608	1	1	1	NA	NA	NA	NA	NA	NA	NA	NA	NA	NA	NA	NA	NA	NA	NA	NA	NA	NA	NA	NA	NA	NA	NA	NA	NA	NA	NA	NA	NA	NA	NA	NA	NA	NA	NA	NA	NA	NA	NA	NA	NA	NA	NA	NA	NA	NA	NA	NA	NA	NA	NA	NA	NA	NA	NA	NA	NA
15	20001774	102431166	0.501713883722497	1	0.223884808969716	2.01872725410305	1	1	1	NA	NA	NA	NA	NA	NA	NA	NA	NA	NA	NA	NA	NA	NA	NA	NA	NA	NA	NA	NA	NA	NA	NA	NA	NA	NA	NA	NA	NA	NA	NA	NA	NA	NA	NA	NA	NA	NA	NA	NA	NA	NA	NA	NA	NA	NA	NA	NA	NA	NA	NA	NA	NA	NA	NA	NA	NA
16	83807	89996871	0.501993586393452	1	0.223688954190013	2.01842940647979	1	1	1	NA	NA	NA	NA	NA	NA	NA	NA	NA	NA	NA	NA	NA	NA	NA	NA	NA	NA	NA	NA	NA	NA	NA	NA	NA	NA	NA	NA	NA	NA	NA	NA	NA	NA	NA	NA	NA	NA	NA	NA	NA	NA	NA	NA	NA	NA	NA	NA	NA	NA	NA	NA	NA	NA	NA	NA	NA
17	41362	16591889	0.924640441250083	1	-0.699177443032864	1.12111310187232	1	0	1	NA	NA	NA	NA	NA	NA	NA	NA	NA	NA	NA	NA	NA	NA	NA	NA	NA	NA	NA	NA	NA	NA	NA	NA	NA	NA	NA	NA	NA	NA	NA	NA	NA	NA	NA	NA	NA	NA	NA	NA	NA	NA	NA	NA	NA	NA	NA	NA	NA	NA	NA	NA	NA	NA	NA	NA	NA
17	16594966	16756796	0.522039103189147	0.717265119285533	-0.720760372341366	0.964569601576055	0	0	1	NA	NA	NA	NA	NA	NA	NA	NA	NA	NA	NA	NA	NA	NA	NA	NA	NA	NA	NA	NA	NA	NA	NA	NA	NA	NA	NA	NA	NA	NA	NA	NA	NA	NA	NA	NA	NA	NA	NA	NA	NA	NA	NA	NA	NA	NA	NA	NA	NA	NA	NA	NA	NA	NA	NA	NA	NA
17	16757300	19822176	0.927845741179359	1	-0.698923827876961	1.17870843388588	1	0	1	NA	NA	NA	NA	NA	NA	NA	NA	NA	NA	NA	NA	NA	NA	NA	NA	NA	NA	NA	NA	NA	NA	NA	NA	NA	NA	NA	NA	NA	NA	NA	NA	NA	NA	NA	NA	NA	NA	NA	NA	NA	NA	NA	NA	NA	NA	NA	NA	NA	NA	NA	NA	NA	NA	NA	NA	NA
17	19822512	19938217	0.816090333726652	0.00149707909619221	-0.6950227915023	0.98508926736156	0	0	0.69851660920859	1	0	0.30148339079141	0.0889955965925082	0.0931777318515609	0.47197198001395	0.827923577033194	0	0	0.849258304604294	2	0	0.150741695395706	0.0444977982962542	0.0465888659257805	0.735985990006975	0.913961788516596	1	0	0.842586106982403	1	1	0.157413893017597	0.054314378769579	0.0554859215247896	0.720204785835232	0.932073594457229	1	0	0.921293053491201	1	2	0.0787069465087986	0.0271571893847894	0.0277429607623948	0.860102392917616	0.966036797228614	NA	NA	NA	NA	NA	NA	NA	NA	NA	NA	NA	NA	NA	NA	NA	NA	NA	NA	NA	NA
17	19939059	19941948	0.629226612739909	0.332364992008565	-0.725556100672256	0.960786431618934	0	0	1	NA	NA	NA	NA	NA	NA	NA	NA	NA	NA	NA	NA	NA	NA	NA	NA	NA	NA	NA	NA	NA	NA	NA	NA	NA	NA	NA	NA	NA	NA	NA	NA	NA	NA	NA	NA	NA	NA	NA	NA	NA	NA	NA	NA	NA	NA	NA	NA	NA	NA	NA	NA	NA	NA	NA	NA	NA
17	19942024	21262861	0.862740004111042	1.51126361486404e-08	-0.702011951448932	0.97948080095766	0	0	0.536437598047395	1	0	0.463562401952605	0.0508245899865848	0.0512222448401273	0.424358172343544	0.621881935971118	0	0	0.768218799023698	2	0	0.231781200976302	0.0254122949932925	0.0256111224200637	0.712179086171772	0.810940967985559	1	0	0.914653983643036	1	1	0.0853460163569638	0.0158574472806928	0.0158560754299124	0.882906945535575	0.943628036576002	1	0	0.957326991821518	1	2	0.0426730081784821	0.00792872364034636	0.00792803771495618	0.941453472767787	0.971814018288001	NA	NA	NA	NA	NA	NA	NA	NA	NA	NA	NA	NA	NA	NA	NA	NA	NA	NA	NA	NA
17	21264185	51126369	0.927973416574268	1	-0.700730487584524	1.18110876610365	1	0	1	NA	NA	NA	NA	NA	NA	NA	NA	NA	NA	NA	NA	NA	NA	NA	NA	NA	NA	NA	NA	NA	NA	NA	NA	NA	NA	NA	NA	NA	NA	NA	NA	NA	NA	NA	NA	NA	NA	NA	NA	NA	NA	NA	NA	NA	NA	NA	NA	NA	NA	NA	NA	NA	NA	NA	NA	NA
17	51127881	51661767	0.851067071942395	9.54777985300088e-08	-0.69705608772707	0.98345484106675	0	0	0.586518482390574	1	0	0.413481517609426	0.0544749702429306	0.054417764354645	0.459471338379697	0.677488583596509	0	0	0.793259241195286	2	0	0.206740758804714	0.0272374851214651	0.0272088821773225	0.729735669189849	0.838744291798254	1	0	0.897361890945954	1	1	0.102638109054046	0.0205200268891637	0.0201902878080597	0.854987715145744	0.935491764140253	1	0	0.948680945472977	1	2	0.0513190545270229	0.0102600134445818	0.0100951439040299	0.927493857572872	0.967745882070126	NA	NA	NA	NA	NA	NA	NA	NA	NA	NA	NA	NA	NA	NA	NA	NA	NA	NA	NA	NA
17	51662423	60297393	0.924632097533851	1	-0.701908221376306	1.1209695682389	1	0	1	NA	NA	NA	NA	NA	NA	NA	NA	NA	NA	NA	NA	NA	NA	NA	NA	NA	NA	NA	NA	NA	NA	NA	NA	NA	NA	NA	NA	NA	NA	NA	NA	NA	NA	NA	NA	NA	NA	NA	NA	NA	NA	NA	NA	NA	NA	NA	NA	NA	NA	NA	NA	NA	NA	NA	NA	NA
17	60297424	60632384	0.773083233083103	4.46112723176894e-08	-0.691466101283679	0.987953789465098	0	0	0.788901483548975	1	0	0.211098516451025	0.0442801310538564	0.0429339195974634	0.687592676261233	0.861670112522535	0	0	0.894450741774487	2	0	0.105549258225513	0.0221400655269282	0.0214669597987317	0.843796338130616	0.930835056261267	1	0	0.768440232044673	1	1	0.231559767955327	0.0467586518033114	0.0449441042837396	0.664090038017968	0.848617663481165	1	0	0.884220116022337	1	2	0.115779883977663	0.0233793259016557	0.0224720521418698	0.832045019008984	0.924308831740582	NA	NA	NA	NA	NA	NA	NA	NA	NA	NA	NA	NA	NA	NA	NA	NA	NA	NA	NA	NA
17	60633128	76472117	0.92785291748601	1	-0.702632131489216	1.17884312507081	1	0	1	NA	NA	NA	NA	NA	NA	NA	NA	NA	NA	NA	NA	NA	NA	NA	NA	NA	NA	NA	NA	NA	NA	NA	NA	NA	NA	NA	NA	NA	NA	NA	NA	NA	NA	NA	NA	NA	NA	NA	NA	NA	NA	NA	NA	NA	NA	NA	NA	NA	NA	NA	NA	NA	NA	NA	NA	NA
17	76472297	76479830	0.768752833533488	0.00691205932541571	-0.639939429963056	1.03025492923636	1	0	0.760514738760951	1	1	0.239485261239049	0.10212628930927	0.102649187809179	0.499545560044811	0.922577424062517	1	0	0.880257369380476	1	2	0.119742630619524	0.0510631446546351	0.0513245939045897	0.749772780022406	0.961288712031259	0	0	0.796139368884711	1	0	0.203860631115289	0.0960084812142025	0.102201675140754	0.509628642939208	0.925449597517209	0	0	0.898069684442355	2	0	0.101930315557645	0.0480042406071013	0.051100837570377	0.754814321469604	0.962724798758604	NA	NA	NA	NA	NA	NA	NA	NA	NA	NA	NA	NA	NA	NA	NA	NA	NA	NA	NA	NA
17	76479910	76481341	0.648574804130476	0.362262483948076	-0.901707192051151	0.830193117183844	0	0	1	NA	NA	NA	NA	NA	NA	NA	NA	NA	NA	NA	NA	NA	NA	NA	NA	NA	NA	NA	NA	NA	NA	NA	NA	NA	NA	NA	NA	NA	NA	NA	NA	NA	NA	NA	NA	NA	NA	NA	NA	NA	NA	NA	NA	NA	NA	NA	NA	NA	NA	NA	NA	NA	NA	NA	NA	NA
17	76481342	79998834	0.918417892165812	1	-0.706260895832298	0.976084482395316	1	0	1	NA	NA	NA	NA	NA	NA	NA	NA	NA	NA	NA	NA	NA	NA	NA	NA	NA	NA	NA	NA	NA	NA	NA	NA	NA	NA	NA	NA	NA	NA	NA	NA	NA	NA	NA	NA	NA	NA	NA	NA	NA	NA	NA	NA	NA	NA	NA	NA	NA	NA	NA	NA	NA	NA	NA	NA	NA
18	125371	77999957	0.501190489908432	1	0.223861899739562	2.01869241263145	1	1	1	NA	NA	NA	NA	NA	NA	NA	NA	NA	NA	NA	NA	NA	NA	NA	NA	NA	NA	NA	NA	NA	NA	NA	NA	NA	NA	NA	NA	NA	NA	NA	NA	NA	NA	NA	NA	NA	NA	NA	NA	NA	NA	NA	NA	NA	NA	NA	NA	NA	NA	NA	NA	NA	NA	NA	NA	NA
19	226776	59097308	0.502219291946014	1	0.225438499907356	2.02109147444841	1	1	1	NA	NA	NA	NA	NA	NA	NA	NA	NA	NA	NA	NA	NA	NA	NA	NA	NA	NA	NA	NA	NA	NA	NA	NA	NA	NA	NA	NA	NA	NA	NA	NA	NA	NA	NA	NA	NA	NA	NA	NA	NA	NA	NA	NA	NA	NA	NA	NA	NA	NA	NA	NA	NA	NA	NA	NA	NA
20	20000786	62884632	0.502593022727217	1	0.223622431329392	2.01832825054014	1	1	1	NA	NA	NA	NA	NA	NA	NA	NA	NA	NA	NA	NA	NA	NA	NA	NA	NA	NA	NA	NA	NA	NA	NA	NA	NA	NA	NA	NA	NA	NA	NA	NA	NA	NA	NA	NA	NA	NA	NA	NA	NA	NA	NA	NA	NA	NA	NA	NA	NA	NA	NA	NA	NA	NA	NA	NA	NA
21	15273817	48097610	0.502143944807218	1	0.225465520482327	2.02113261364478	1	1	1	NA	NA	NA	NA	NA	NA	NA	NA	NA	NA	NA	NA	NA	NA	NA	NA	NA	NA	NA	NA	NA	NA	NA	NA	NA	NA	NA	NA	NA	NA	NA	NA	NA	NA	NA	NA	NA	NA	NA	NA	NA	NA	NA	NA	NA	NA	NA	NA	NA	NA	NA	NA	NA	NA	NA	NA	NA
22	16600330	23055852	0.502870906230963	1	0.224844022613141	2.02018656953263	1	1	1	NA	NA	NA	NA	NA	NA	NA	NA	NA	NA	NA	NA	NA	NA	NA	NA	NA	NA	NA	NA	NA	NA	NA	NA	NA	NA	NA	NA	NA	NA	NA	NA	NA	NA	NA	NA	NA	NA	NA	NA	NA	NA	NA	NA	NA	NA	NA	NA	NA	NA	NA	NA	NA	NA	NA	NA	NA
22	23102474	23227573	0.897319756809964	5.26049912388951e-14	0.231243369490999	2.0299471894299	2	0	0.848809474829841	2	1	0.151190525170159	0.0153045411844372	0.0151981963562811	0.818447588355519	0.87734952238403	2	0	0.92440473741492	2	2	0.0755952625850795	0.00765227059221868	0.00759909817814057	0.909223794177759	0.938674761192015	1	0	0.963239411773469	1	1	0.0367605882265308	0.00797374605045065	0.0079183398384462	0.947420710027282	0.978108925908026	1	0	0.981619705886734	1	2	0.0183802941132656	0.00398687302522538	0.0039591699192231	0.973710355013641	0.989054462954013	NA	NA	NA	NA	NA	NA	NA	NA	NA	NA	NA	NA	NA	NA	NA	NA	NA	NA	NA	NA
22	23254219	49999704	0.502357230484434	1	0.223848735332135	2.01867239181057	1	1	1	NA	NA	NA	NA	NA	NA	NA	NA	NA	NA	NA	NA	NA	NA	NA	NA	NA	NA	NA	NA	NA	NA	NA	NA	NA	NA	NA	NA	NA	NA	NA	NA	NA	NA	NA	NA	NA	NA	NA	NA	NA	NA	NA	NA	NA	NA	NA	NA	NA	NA	NA	NA	NA	NA	NA	NA	NA
