chr	startpos	endpos	BAF	pval	LogR	ntot	nMaj1_A	nMin1_A	frac1_A	nMaj2_A	nMin2_A	frac2_A	SDfrac_A	SDfrac_A_BS	frac1_A_0.025	frac1_A_0.975	nMaj1_B	nMin1_B	frac1_B	nMaj2_B	nMin2_B	frac2_B	SDfrac_B	SDfrac_B_BS	frac1_B_0.025	frac1_B_0.975	nMaj1_C	nMin1_C	frac1_C	nMaj2_C	nMin2_C	frac2_C	SDfrac_C	SDfrac_C_BS	frac1_C_0.025	frac1_C_0.975	nMaj1_D	nMin1_D	frac1_D	nMaj2_D	nMin2_D	frac2_D	SDfrac_D	SDfrac_D_BS	frac1_D_0.025	frac1_D_0.975	nMaj1_E	nMin1_E	frac1_E	nMaj2_E	nMin2_E	frac2_E	SDfrac_E	SDfrac_E_BS	frac1_E_0.025	frac1_E_0.975	nMaj1_F	nMin1_F	frac1_F	nMaj2_F	nMin2_F	frac2_F	SDfrac_F	SDfrac_F_BS	frac1_F_0.025	frac1_F_0.975
1	811735	249223191	0.626266422090293	1	0.551928531800836	3.1179091942812	2	1	1	NA	NA	NA	NA	NA	NA	NA	NA	NA	NA	NA	NA	NA	NA	NA	NA	NA	NA	NA	NA	NA	NA	NA	NA	NA	NA	NA	NA	NA	NA	NA	NA	NA	NA	NA	NA	NA	NA	NA	NA	NA	NA	NA	NA	NA	NA	NA	NA	NA	NA	NA	NA	NA	NA	NA	NA	NA
2	23368	242985695	0.501404618487627	1	-0.0356188210192855	1.79822784436621	1	1	1	NA	NA	NA	NA	NA	NA	NA	NA	NA	NA	NA	NA	NA	NA	NA	NA	NA	NA	NA	NA	NA	NA	NA	NA	NA	NA	NA	NA	NA	NA	NA	NA	NA	NA	NA	NA	NA	NA	NA	NA	NA	NA	NA	NA	NA	NA	NA	NA	NA	NA	NA	NA	NA	NA	NA	NA	NA
3	60596	197846280	0.501326110277096	1	0.101696629445836	2.06037533917071	1	1	1	NA	NA	NA	NA	NA	NA	NA	NA	NA	NA	NA	NA	NA	NA	NA	NA	NA	NA	NA	NA	NA	NA	NA	NA	NA	NA	NA	NA	NA	NA	NA	NA	NA	NA	NA	NA	NA	NA	NA	NA	NA	NA	NA	NA	NA	NA	NA	NA	NA	NA	NA	NA	NA	NA	NA	NA	NA
4	109541	132578484	0.777104721029714	1	-0.556089795677456	1.07300957328661	1	0	1	NA	NA	NA	NA	NA	NA	NA	NA	NA	NA	NA	NA	NA	NA	NA	NA	NA	NA	NA	NA	NA	NA	NA	NA	NA	NA	NA	NA	NA	NA	NA	NA	NA	NA	NA	NA	NA	NA	NA	NA	NA	NA	NA	NA	NA	NA	NA	NA	NA	NA	NA	NA	NA	NA	NA	NA	NA
4	132581378	132890699	0.666234854821639	4.23820775064811e-15	-0.553588370786555	1.00633493737873	1	0	0.705378635162379	1	1	0.294621364837621	0.0395895956392393	0.0390627734107817	0.628637269930397	0.779745149882478	1	0	0.852689317581189	1	2	0.147310682418811	0.0197947978196195	0.0195313867053909	0.814318634965199	0.889872574941239	0	0	0.588099222059427	1	0	0.411900777940573	0.0461943790113296	0.0456466228677257	0.491012362612519	0.66815151943808	0	0	0.794049611029713	2	0	0.205950388970287	0.0230971895056648	0.0228233114338629	0.745506181306259	0.83407575971904	NA	NA	NA	NA	NA	NA	NA	NA	NA	NA	NA	NA	NA	NA	NA	NA	NA	NA	NA	NA
4	132898319	190781263	0.776361052158121	1	-0.555363254680638	1.06669141412889	1	0	1	NA	NA	NA	NA	NA	NA	NA	NA	NA	NA	NA	NA	NA	NA	NA	NA	NA	NA	NA	NA	NA	NA	NA	NA	NA	NA	NA	NA	NA	NA	NA	NA	NA	NA	NA	NA	NA	NA	NA	NA	NA	NA	NA	NA	NA	NA	NA	NA	NA	NA	NA	NA	NA	NA	NA	NA	NA
5	859234	180742812	0.607160137344776	0	-0.193291198097157	1.52643749746161	1	0	0.498950627943308	1	1	0.501049372056692	0.000775701313769778	0.000797596138391398	0.497414607146159	0.500484672012665	1	0	0.749475313971654	1	2	0.250524686028346	0.000387850656885014	0.000396622131035107	0.748725343625862	0.750292466382618	1	1	0.228838616980683	2	1	0.771161383019317	0.00185297685180952	0.00181423091496569	0.225123973508008	0.232353480379993	0	1	0.114419308490341	2	1	0.885580691509659	0.000926488425904787	0.000893988623828318	0.112639995156877	0.116181331652199	1	1	0.614419308490342	3	1	0.385580691509658	0.000926488425904703	0.000941212565882121	0.612598621469119	0.616223446820303	NA	NA	NA	NA	NA	NA	NA	NA	NA	NA
6	203397	170898626	0.516242797430634	0	0.0349386982518211	1.92981118291827	1	0	0.0889476308811887	1	1	0.911052369118811	0.000995238217462197	0.0010230363807568	0.0869430687373174	0.090938840672345	1	0	0.544473815440594	1	2	0.455526184559406	0.000497619108731084	0.000505241696435936	0.543487711931891	0.54540626598817	1	1	0.905079296913728	2	1	0.094920703086272	0.00113339208442059	0.0011290829789109	0.902928180779143	0.9073199582743	0	1	0.452539648456864	2	1	0.547460351543136	0.000566696042210296	0.000558166531331343	0.451448020911818	0.453610122909277	1	1	0.952539648456864	3	1	0.0474603515431357	0.000566696042210324	0.000560433216239143	0.951468051788735	0.953652431028238	NA	NA	NA	NA	NA	NA	NA	NA	NA	NA
7	80500	159122659	0.545447391373848	0	-0.0361469578159949	1.79726698176794	1	0	0.235550295680281	1	1	0.764449704319719	0.000971267291926495	0.000963025905983053	0.233669929235318	0.237405760784713	1	0	0.61777514784014	1	2	0.38222485215986	0.000485633645963268	0.000479460217315565	0.616848463263619	0.618716352847362	1	1	0.717347801161082	2	1	0.282652198838918	0.00139854427517122	0.00138529320817894	0.714660210525469	0.719878210646123	0	1	0.358673900580541	2	1	0.641326099419459	0.00069927213758561	0.00069812128487032	0.357321544337572	0.360015297832671	1	1	0.858673900580542	3	1	0.141326099419458	0.000699272137585472	0.000693782099706167	0.857235708268189	0.860091176428846	NA	NA	NA	NA	NA	NA	NA	NA	NA	NA
8	143207	146273484	0.517173339067478	0	0.0351797210175531	1.93027178789409	1	0	0.0938741848340946	1	1	0.906125815165905	0.00102951551465129	0.00100300005642938	0.0918280929039139	0.0958240647968759	1	0	0.546937092417047	1	2	0.453062907582953	0.000514757757325734	0.000518316500674754	0.54596120368544	0.547949499108186	1	1	0.899447918784933	2	1	0.100552081215067	0.00118119792470239	0.00120631552037321	0.897069748249119	0.901787360185432	0	1	0.449723959392467	2	1	0.550276040607533	0.00059059896235128	0.000591174272235621	0.448534179912342	0.450821960688689	1	1	0.949723959392467	3	1	0.0502760406075331	0.00059059896235153	0.00059815756593655	0.948505603164622	0.950822693892042	NA	NA	NA	NA	NA	NA	NA	NA	NA	NA
9	203761	141069765	0.775848440711868	1	-0.555534742499822	1.0623607114987	1	0	1	NA	NA	NA	NA	NA	NA	NA	NA	NA	NA	NA	NA	NA	NA	NA	NA	NA	NA	NA	NA	NA	NA	NA	NA	NA	NA	NA	NA	NA	NA	NA	NA	NA	NA	NA	NA	NA	NA	NA	NA	NA	NA	NA	NA	NA	NA	NA	NA	NA	NA	NA	NA	NA	NA	NA	NA	NA
10	202805	135216590	0.501824636622719	1	0.101922064111262	2.06082655575331	1	1	1	NA	NA	NA	NA	NA	NA	NA	NA	NA	NA	NA	NA	NA	NA	NA	NA	NA	NA	NA	NA	NA	NA	NA	NA	NA	NA	NA	NA	NA	NA	NA	NA	NA	NA	NA	NA	NA	NA	NA	NA	NA	NA	NA	NA	NA	NA	NA	NA	NA	NA	NA	NA	NA	NA	NA	NA	NA
11	247630	134946288	0.516172729294134	0	0.0349457017230915	1.92982456577064	1	0	0.0885759509836108	1	1	0.911424049016389	0.00116746980957345	0.00125952514295999	0.0862874980312364	0.0910687734177654	1	0	0.544287975491806	1	2	0.455712024508194	0.000583734904786748	0.000566371681954019	0.54310881003969	0.545351991288142	1	1	0.905502452761021	2	1	0.094497547238979	0.0013287861548798	0.00127747587148498	0.902968098780672	0.90784061208588	0	1	0.45275122638051	2	1	0.54724877361949	0.000664393077439901	0.000672208176530851	0.451461685205353	0.454045918363304	1	1	0.952751226380511	3	1	0.0472487736194894	0.000664393077439873	0.000661547379417929	0.951464784563509	0.953977238757094	NA	NA	NA	NA	NA	NA	NA	NA	NA	NA
12	188285	133820866	0.514975798613094	0	0.0350791825127618	1.93007964508918	1	0	0.0822111520223288	1	1	0.917788847977671	0.0011602686647421	0.00118868219320619	0.0797617278331453	0.0844759428965197	1	0	0.541105576011164	1	2	0.458894423988836	0.000580134332370974	0.000569296036087599	0.540056483364091	0.542263213242994	1	1	0.91271208004355	2	1	0.0872879199564505	0.00130799292345807	0.00126772363429813	0.910381885149334	0.915356724426681	0	1	0.456356040021775	2	1	0.543643959978225	0.000653996461728923	0.000675468510845547	0.455041034596661	0.457697274657366	1	1	0.956356040021775	3	1	0.0436439599782252	0.000653996461728867	0.000658247796101184	0.955068428999418	0.957568434497931	NA	NA	NA	NA	NA	NA	NA	NA	NA	NA
13	19589846	114999838	0.63468050140782	0	-0.254963541808213	1.42795225816593	1	0	0.599897608906852	1	1	0.400102391093148	0.000977949171085013	0.000982102860737704	0.597963178784157	0.601853270822981	1	0	0.799948804453426	1	2	0.200051195546574	0.000488974585542534	0.000465414486775781	0.798993376752285	0.800837277495224	2	0	0.0243017023336316	2	1	0.975698297666368	0.00166980995734145	0.00166986043723912	0.020993651888294	0.0276643923692017	2	0	0.512150851166816	2	2	0.487849148833184	0.000834904978670892	0.000835094177588406	0.510639417294469	0.513838618973091	NA	NA	NA	NA	NA	NA	NA	NA	NA	NA	NA	NA	NA	NA	NA	NA	NA	NA	NA	NA
14	20428592	22917633	0.510739442788954	3.84474452552463e-18	0.0338233181381481	1.92768064480352	1	0	0.0594442583438519	1	1	0.940555741656148	0.00664872881149169	0.00675052576551247	0.0456815094993661	0.0719303818599503	1	0	0.529722129171926	1	2	0.470277870828074	0.00332436440574591	0.00337526288275624	0.522840754749683	0.535965190929975	0	0	0.981846806012195	1	0	0.0181531939878046	0.0021195378312287	0.0021502024330444	0.977818846872681	0.986172244117637	0	0	0.990923403006098	2	0	0.0090765969939024	0.00105976891561432	0.0010751012165222	0.98890942343634	0.993086122058818	NA	NA	NA	NA	NA	NA	NA	NA	NA	NA	NA	NA	NA	NA	NA	NA	NA	NA	NA	NA
14	22920326	22980408	0.892213435932631	1	0.0254301931440678	3.10210268379951	3	0	1	NA	NA	NA	NA	NA	NA	NA	NA	NA	NA	NA	NA	NA	NA	NA	NA	NA	NA	NA	NA	NA	NA	NA	NA	NA	NA	NA	NA	NA	NA	NA	NA	NA	NA	NA	NA	NA	NA	NA	NA	NA	NA	NA	NA	NA	NA	NA	NA	NA	NA	NA	NA	NA	NA	NA	NA	NA
14	22983567	107239333	0.515158431687342	0	0.0348555874446822	1.92965237239666	1	0	0.0831842338547779	1	1	0.916815766145222	0.001410190252831	0.001425439930038	0.0803062431332955	0.0859914435930443	1	0	0.541592116927389	1	2	0.458407883072611	0.000705095126415534	0.000708352425156643	0.540147881567983	0.542959331864745	1	1	0.911614304023318	2	1	0.0883856959766823	0.00159206081527075	0.00165075962802053	0.90844538921013	0.914882351600742	0	1	0.455807152011659	2	1	0.544192847988341	0.000796030407635373	0.000793688425199849	0.454258349421323	0.457422917472148	1	1	0.955807152011659	3	1	0.0441928479883409	0.000796030407635373	0.000807947382215632	0.954168464314407	0.957386375419988	NA	NA	NA	NA	NA	NA	NA	NA	NA	NA
15	20001774	102431166	0.515704532724481	0	0.0345398576155601	1.92904915014136	1	0	0.0860897868908998	1	1	0.9139102131091	0.00151813180679825	0.00148167422931575	0.0832581776558458	0.0891210624549593	1	0	0.54304489344545	1	2	0.45695510655455	0.000759065903399081	0.000737063262628618	0.541655430699829	0.544497649831272	1	1	0.908326845240399	2	1	0.0916731547596007	0.00172143482976767	0.00163857110961792	0.904988292972779	0.911630917088627	0	1	0.4541634226202	2	1	0.5458365773798	0.000860717414883722	0.000878813949932041	0.452425412656889	0.455832640463883	1	1	0.9541634226202	3	1	0.0458365773798001	0.00086071741488386	0.000833993209661359	0.952588929083657	0.955854230281899	NA	NA	NA	NA	NA	NA	NA	NA	NA	NA
16	83807	89996871	0.776292783175684	1	-0.556617503263925	1.06611351071031	1	0	1	NA	NA	NA	NA	NA	NA	NA	NA	NA	NA	NA	NA	NA	NA	NA	NA	NA	NA	NA	NA	NA	NA	NA	NA	NA	NA	NA	NA	NA	NA	NA	NA	NA	NA	NA	NA	NA	NA	NA	NA	NA	NA	NA	NA	NA	NA	NA	NA	NA	NA	NA	NA	NA	NA	NA	NA	NA
17	41362	79998834	0.501955467464518	1	0.101783818846187	2.06054984391369	1	1	1	NA	NA	NA	NA	NA	NA	NA	NA	NA	NA	NA	NA	NA	NA	NA	NA	NA	NA	NA	NA	NA	NA	NA	NA	NA	NA	NA	NA	NA	NA	NA	NA	NA	NA	NA	NA	NA	NA	NA	NA	NA	NA	NA	NA	NA	NA	NA	NA	NA	NA	NA	NA	NA	NA	NA	NA	NA
18	125371	77999957	0.517254599519401	0	0.0345168059439333	1.92900511360291	1	0	0.0943035593953118	1	1	0.905696440604688	0.0015013796306152	0.001495472553345	0.0911598078628856	0.0971480046715394	1	0	0.547151779697656	1	2	0.452848220302344	0.00075068981530757	0.000756125263754964	0.54570427982372	0.54859980247597	1	1	0.898955122514447	2	1	0.101044877485553	0.00172370512165043	0.00178705322727375	0.895525705567291	0.902518650727838	0	1	0.449477561257224	2	1	0.550522438742776	0.000861852560825216	0.000882132590828374	0.447789807251677	0.451184577271497	1	1	0.949477561257224	3	1	0.0505224387427758	0.000861852560825382	0.000888811965967317	0.947717129993546	0.951196444665641	NA	NA	NA	NA	NA	NA	NA	NA	NA	NA
19	226776	59097308	0.515439773705244	0	0.03594700481949	1.93173861308355	1	0	0.0846818945244488	1	1	0.915318105475551	0.001793360465808	0.00182011366815086	0.0809740528947045	0.0882484865551939	1	0	0.542340947262224	1	2	0.457659052737776	0.000896680232904012	0.000919455212219327	0.540483616662198	0.544104073025459	1	1	0.909921586250742	2	1	0.0900784137492583	0.00202921444143395	0.00204182626371107	0.90590315944102	0.913913758911684	0	1	0.454960793125371	2	1	0.545039206874629	0.00101460722071697	0.000989064529262732	0.45309770316272	0.456896121415045	1	1	0.954960793125371	3	1	0.0450392068746288	0.00101460722071695	0.00102559683520763	0.952857242950234	0.956944645600572	NA	NA	NA	NA	NA	NA	NA	NA	NA	NA
20	20000786	62884632	0.502325525167089	1	0.101341056021752	2.05966378790233	1	1	1	NA	NA	NA	NA	NA	NA	NA	NA	NA	NA	NA	NA	NA	NA	NA	NA	NA	NA	NA	NA	NA	NA	NA	NA	NA	NA	NA	NA	NA	NA	NA	NA	NA	NA	NA	NA	NA	NA	NA	NA	NA	NA	NA	NA	NA	NA	NA	NA	NA	NA	NA	NA	NA	NA	NA	NA	NA
21	15273817	48097610	0.77644936009799	1	-0.554661025306077	1.06743947280531	1	0	1	NA	NA	NA	NA	NA	NA	NA	NA	NA	NA	NA	NA	NA	NA	NA	NA	NA	NA	NA	NA	NA	NA	NA	NA	NA	NA	NA	NA	NA	NA	NA	NA	NA	NA	NA	NA	NA	NA	NA	NA	NA	NA	NA	NA	NA	NA	NA	NA	NA	NA	NA	NA	NA	NA	NA	NA	NA
22	16600330	17208423	0.679517345632451	6.1578412356524e-11	-0.545957419492078	1.0160578804069	1	0	0.746850082680828	1	1	0.253149917319172	0.0405089789292871	0.0420943637370908	0.664040243026525	0.826695944930067	1	0	0.873425041340414	1	2	0.126574958659586	0.0202544894646435	0.0210471818685454	0.832020121513262	0.913347972465033	0	0	0.536752169016036	1	0	0.463247830983964	0.0533461609735669	0.0555790426297273	0.416960930672958	0.633184511493034	0	0	0.768376084508018	2	0	0.231623915491982	0.0266730804867833	0.0277895213148637	0.708480465336479	0.816592255746517	NA	NA	NA	NA	NA	NA	NA	NA	NA	NA	NA	NA	NA	NA	NA	NA	NA	NA	NA	NA
22	17220001	49999704	0.775572679927556	1	-0.556770464988037	1.06003918157078	1	0	1	NA	NA	NA	NA	NA	NA	NA	NA	NA	NA	NA	NA	NA	NA	NA	NA	NA	NA	NA	NA	NA	NA	NA	NA	NA	NA	NA	NA	NA	NA	NA	NA	NA	NA	NA	NA	NA	NA	NA	NA	NA	NA	NA	NA	NA	NA	NA	NA	NA	NA	NA	NA	NA	NA	NA	NA	NA
