chr	startpos	endpos	BAF	pval	LogR	ntot	nMaj1_A	nMin1_A	frac1_A	nMaj2_A	nMin2_A	frac2_A	SDfrac_A	SDfrac_A_BS	frac1_A_0.025	frac1_A_0.975	nMaj1_B	nMin1_B	frac1_B	nMaj2_B	nMin2_B	frac2_B	SDfrac_B	SDfrac_B_BS	frac1_B_0.025	frac1_B_0.975	nMaj1_C	nMin1_C	frac1_C	nMaj2_C	nMin2_C	frac2_C	SDfrac_C	SDfrac_C_BS	frac1_C_0.025	frac1_C_0.975	nMaj1_D	nMin1_D	frac1_D	nMaj2_D	nMin2_D	frac2_D	SDfrac_D	SDfrac_D_BS	frac1_D_0.025	frac1_D_0.975	nMaj1_E	nMin1_E	frac1_E	nMaj2_E	nMin2_E	frac2_E	SDfrac_E	SDfrac_E_BS	frac1_E_0.025	frac1_E_0.975	nMaj1_F	nMin1_F	frac1_F	nMaj2_F	nMin2_F	frac2_F	SDfrac_F	SDfrac_F_BS	frac1_F_0.025	frac1_F_0.975
1	811735	249223191	0.576693736688039	1	0.440704465201971	5.06509031901714	3	2	1	NA	NA	NA	NA	NA	NA	NA	NA	NA	NA	NA	NA	NA	NA	NA	NA	NA	NA	NA	NA	NA	NA	NA	NA	NA	NA	NA	NA	NA	NA	NA	NA	NA	NA	NA	NA	NA	NA	NA	NA	NA	NA	NA	NA	NA	NA	NA	NA	NA	NA	NA	NA	NA	NA	NA	NA	NA
2	23368	242985695	0.524459703737919	0	0.0877535725166355	3.71625355216803	2	1	0.240194632198313	2	2	0.759805367801687	0.00149307239382943	0.0015623809977681	0.23693505521808	0.24323111692848	2	0	0.120097316099156	2	2	0.879902683900843	0.000746536196914713	0.000748959809040986	0.118640064003019	0.121579861528801	2	1	0.620097316099157	2	3	0.379902683900843	0.000746536196914782	0.000763351503223593	0.618620224754509	0.621572351904058	1	1	0.837967468220901	2	1	0.162032531779099	0.00111082231577236	0.00109869334808193	0.835788448751482	0.840035079371976	0	1	0.418983734110451	2	1	0.581016265889549	0.000555411157886182	0.000608629004889346	0.417717389261746	0.420129226753618	1	1	0.918983734110451	3	1	0.081016265889549	0.000555411157886265	0.000545318171317713	0.917903416185165	0.920117819291973
3	60596	197846280	0.501211297457567	1	0.177936246617683	4.03016405561739	2	2	1	NA	NA	NA	NA	NA	NA	NA	NA	NA	NA	NA	NA	NA	NA	NA	NA	NA	NA	NA	NA	NA	NA	NA	NA	NA	NA	NA	NA	NA	NA	NA	NA	NA	NA	NA	NA	NA	NA	NA	NA	NA	NA	NA	NA	NA	NA	NA	NA	NA	NA	NA	NA	NA	NA	NA	NA	NA
4	109541	132578484	0.778638602191752	0	-0.882112629442238	1.49299097733534	1	0	0.55218401748766	2	0	0.44781598251234	0.00347510697701953	0.00348786509671953	0.545347622153903	0.558988041876166	0	0	0.27609200874383	2	0	0.72390799125617	0.00173755348850971	0.0017021058235271	0.27275037749419	0.27942392758582	1	0	0.776092008743831	3	0	0.223907991256169	0.00173755348850985	0.00167914726232921	0.772744626286855	0.7791653005751	2	0	0.843018024518208	2	1	0.156981975481792	0.00125762058689638	0.00123068491489619	0.840608150353755	0.845423873524686	2	0	0.921509012259104	2	2	0.078490987740896	0.000628810293448301	0.000617953404509244	0.920294353843522	0.92269470815521	NA	NA	NA	NA	NA	NA	NA	NA	NA	NA
4	132581378	132890699	0.662001788430167	1.33371432223791e-07	-0.876291248582402	1.34442940634888	1	0	0.770901686559044	1	1	0.229098313440956	0.0460224682056989	0.0479566923071538	0.666899622744513	0.85627541908803	1	0	0.885450843279522	1	2	0.114549156720478	0.0230112341028494	0.0239783461535769	0.833449811372256	0.928137709544015	2	0	0.26033174932165	2	1	0.73966825067835	0.0752412128201331	0.0784034371191197	0.0903008552325492	0.399907557158639	2	0	0.630165874660825	2	2	0.369834125339175	0.0376206064100665	0.0392017185595598	0.545150427616274	0.699953778579319	NA	NA	NA	NA	NA	NA	NA	NA	NA	NA	NA	NA	NA	NA	NA	NA	NA	NA	NA	NA
4	132898319	190781263	0.777508037640758	0	-0.881399208394531	1.47955993105265	1	0	0.565385512791534	2	0	0.434614487208466	0.00528212983072618	0.00534609642955779	0.554860236005927	0.575270681351242	0	0	0.282692756395767	2	0	0.717307243604233	0.00264106491536298	0.0025751578354547	0.27754601119895	0.287823837838776	1	0	0.782692756395768	3	0	0.217307243604232	0.00264106491536309	0.00257515783545468	0.777546011198951	0.787823837838777	2	0	0.838209090915409	2	1	0.161790909084591	0.00193676328267045	0.00189789439507747	0.834323420651822	0.841743611779946	2	0	0.919104545457704	2	2	0.0808954545422955	0.000968381641335336	0.000961959006580134	0.917213376021706	0.920961441088821	NA	NA	NA	NA	NA	NA	NA	NA	NA	NA
5	859234	180742812	0.501046183809061	1	0.178406524583367	4.03185298423392	2	2	1	NA	NA	NA	NA	NA	NA	NA	NA	NA	NA	NA	NA	NA	NA	NA	NA	NA	NA	NA	NA	NA	NA	NA	NA	NA	NA	NA	NA	NA	NA	NA	NA	NA	NA	NA	NA	NA	NA	NA	NA	NA	NA	NA	NA	NA	NA	NA	NA	NA	NA	NA	NA	NA	NA	NA	NA	NA
6	203397	170898626	0.501326620256618	1	0.178076239052347	4.03066675866175	2	2	1	NA	NA	NA	NA	NA	NA	NA	NA	NA	NA	NA	NA	NA	NA	NA	NA	NA	NA	NA	NA	NA	NA	NA	NA	NA	NA	NA	NA	NA	NA	NA	NA	NA	NA	NA	NA	NA	NA	NA	NA	NA	NA	NA	NA	NA	NA	NA	NA	NA	NA	NA	NA	NA	NA	NA	NA	NA
7	80500	159122659	0.501223774391722	1	0.178216683680736	4.03117113452111	2	2	1	NA	NA	NA	NA	NA	NA	NA	NA	NA	NA	NA	NA	NA	NA	NA	NA	NA	NA	NA	NA	NA	NA	NA	NA	NA	NA	NA	NA	NA	NA	NA	NA	NA	NA	NA	NA	NA	NA	NA	NA	NA	NA	NA	NA	NA	NA	NA	NA	NA	NA	NA	NA	NA	NA	NA	NA	NA
8	143207	146273484	0.500970590053754	1	0.177730556100844	4.02942552383814	2	2	1	NA	NA	NA	NA	NA	NA	NA	NA	NA	NA	NA	NA	NA	NA	NA	NA	NA	NA	NA	NA	NA	NA	NA	NA	NA	NA	NA	NA	NA	NA	NA	NA	NA	NA	NA	NA	NA	NA	NA	NA	NA	NA	NA	NA	NA	NA	NA	NA	NA	NA	NA	NA	NA	NA	NA	NA	NA
9	203761	141069765	0.52597390389973	0	0.0884310439060432	3.71853931475644	2	1	0.254329807555024	2	2	0.745670192444976	0.00193586832284093	0.00193180244609776	0.250707279746657	0.258184740746185	2	0	0.127164903777512	2	2	0.872835096222488	0.000967934161420478	0.000959482235916468	0.125312306691411	0.12901184183617	2	1	0.627164903777512	2	3	0.372835096222488	0.000967934161420492	0.000948441377532233	0.625327001243132	0.62910634429121	1	1	0.827387068704725	2	1	0.172612931295275	0.00145785335399296	0.0014269746810271	0.824644250579108	0.830136834676255	0	1	0.413693534352363	2	1	0.586306465647637	0.00072892667699645	0.000728871943748302	0.412197147920895	0.415108584430208	1	1	0.913693534352363	3	1	0.0863064656476369	0.000728926676996589	0.000729258308291135	0.912220803115494	0.91514341447874
10	202805	135216590	0.643605530580232	0	-0.0378702631721593	3.31042821174644	2	1	0.730658265286264	3	1	0.269341734713736	0.00282826604182235	0.00283304263459027	0.725154659362529	0.736011636857246	1	1	0.365329132643132	3	1	0.634670867356868	0.00141413302091117	0.00135649291264471	0.362639720231114	0.367870787537672	2	1	0.865329132643132	4	1	0.134670867356868	0.00141413302091092	0.00137983206873303	0.86254396631987	0.868007205754863	3	1	0.595400361850363	3	2	0.404599638149637	0.00196844122161949	0.00193922513956259	0.591517146158459	0.598986825295001	3	0	0.297700180925182	3	2	0.702299819074818	0.000984220610809744	0.000972659247019652	0.295797096281023	0.299587184057139	3	1	0.797700180925182	3	3	0.202299819074818	0.000984220610809661	0.00099422092215073	0.7958779916955	0.799745212646158
11	247630	88571504	0.812897099092452	1	-0.556947824551278	1.96250556945687	2	0	1	NA	NA	NA	NA	NA	NA	NA	NA	NA	NA	NA	NA	NA	NA	NA	NA	NA	NA	NA	NA	NA	NA	NA	NA	NA	NA	NA	NA	NA	NA	NA	NA	NA	NA	NA	NA	NA	NA	NA	NA	NA	NA	NA	NA	NA	NA	NA	NA	NA	NA	NA	NA	NA	NA	NA	NA	NA
11	88574578	92521474	0.785288693094678	8.68197152035793e-24	-0.56045629681256	1.95494501222245	1	0	0.471717583623826	2	0	0.528282416376174	0.039487813203805	0.0398929687933328	0.392224571852174	0.548315942347989	0	0	0.235858791811913	2	0	0.764141208188087	0.0197439066019026	0.0199464843966664	0.196112285926087	0.274157971173994	1	0	0.735858791811914	3	0	0.264141208188086	0.0197439066019027	0.0199464843966665	0.696112285926088	0.774157971173996	2	0	0.87102437643543	2	1	0.12897562356457	0.0132153045726034	0.0133575842762586	0.844309558852526	0.896383418583756	2	0	0.935512188217715	2	2	0.0644878117822849	0.00660765228630156	0.00667879213812929	0.922154779426263	0.948191709291878	NA	NA	NA	NA	NA	NA	NA	NA	NA	NA
11	92568633	134946288	0.816297725045238	1	-0.558472926851869	2.03484770995191	2	0	1	NA	NA	NA	NA	NA	NA	NA	NA	NA	NA	NA	NA	NA	NA	NA	NA	NA	NA	NA	NA	NA	NA	NA	NA	NA	NA	NA	NA	NA	NA	NA	NA	NA	NA	NA	NA	NA	NA	NA	NA	NA	NA	NA	NA	NA	NA	NA	NA	NA	NA	NA	NA	NA	NA	NA	NA	NA
12	188285	133820866	0.817701587234399	1	-0.558126716957647	2.05937546226273	2	0	1	NA	NA	NA	NA	NA	NA	NA	NA	NA	NA	NA	NA	NA	NA	NA	NA	NA	NA	NA	NA	NA	NA	NA	NA	NA	NA	NA	NA	NA	NA	NA	NA	NA	NA	NA	NA	NA	NA	NA	NA	NA	NA	NA	NA	NA	NA	NA	NA	NA	NA	NA	NA	NA	NA	NA	NA	NA
13	19589846	114999838	0.821710528693734	1	-0.557322275062054	2.13154465155524	2	0	1	NA	NA	NA	NA	NA	NA	NA	NA	NA	NA	NA	NA	NA	NA	NA	NA	NA	NA	NA	NA	NA	NA	NA	NA	NA	NA	NA	NA	NA	NA	NA	NA	NA	NA	NA	NA	NA	NA	NA	NA	NA	NA	NA	NA	NA	NA	NA	NA	NA	NA	NA	NA	NA	NA	NA	NA	NA
14	20428592	107239333	0.734734781412184	1	-1.14050554930855	1.05551841917069	1	0	1	NA	NA	NA	NA	NA	NA	NA	NA	NA	NA	NA	NA	NA	NA	NA	NA	NA	NA	NA	NA	NA	NA	NA	NA	NA	NA	NA	NA	NA	NA	NA	NA	NA	NA	NA	NA	NA	NA	NA	NA	NA	NA	NA	NA	NA	NA	NA	NA	NA	NA	NA	NA	NA	NA	NA	NA	NA
15	20001774	102431166	0.816681366463032	1	-0.557767164028254	2.0415132453336	2	0	1	NA	NA	NA	NA	NA	NA	NA	NA	NA	NA	NA	NA	NA	NA	NA	NA	NA	NA	NA	NA	NA	NA	NA	NA	NA	NA	NA	NA	NA	NA	NA	NA	NA	NA	NA	NA	NA	NA	NA	NA	NA	NA	NA	NA	NA	NA	NA	NA	NA	NA	NA	NA	NA	NA	NA	NA	NA
16	83807	89996871	0.50162755219129	1	0.177546796489721	4.02876582402143	2	2	1	NA	NA	NA	NA	NA	NA	NA	NA	NA	NA	NA	NA	NA	NA	NA	NA	NA	NA	NA	NA	NA	NA	NA	NA	NA	NA	NA	NA	NA	NA	NA	NA	NA	NA	NA	NA	NA	NA	NA	NA	NA	NA	NA	NA	NA	NA	NA	NA	NA	NA	NA	NA	NA	NA	NA	NA	NA
17	41362	79998834	0.616110660233706	1	-0.142747520017402	2.99766692701679	2	1	1	NA	NA	NA	NA	NA	NA	NA	NA	NA	NA	NA	NA	NA	NA	NA	NA	NA	NA	NA	NA	NA	NA	NA	NA	NA	NA	NA	NA	NA	NA	NA	NA	NA	NA	NA	NA	NA	NA	NA	NA	NA	NA	NA	NA	NA	NA	NA	NA	NA	NA	NA	NA	NA	NA	NA	NA	NA
18	125371	77999957	0.500830187496742	1	0.177409921071731	4.02827449377731	2	2	1	NA	NA	NA	NA	NA	NA	NA	NA	NA	NA	NA	NA	NA	NA	NA	NA	NA	NA	NA	NA	NA	NA	NA	NA	NA	NA	NA	NA	NA	NA	NA	NA	NA	NA	NA	NA	NA	NA	NA	NA	NA	NA	NA	NA	NA	NA	NA	NA	NA	NA	NA	NA	NA	NA	NA	NA	NA
19	226776	59097308	0.501906928500654	1	0.178996879720704	4.03397393043509	2	2	1	NA	NA	NA	NA	NA	NA	NA	NA	NA	NA	NA	NA	NA	NA	NA	NA	NA	NA	NA	NA	NA	NA	NA	NA	NA	NA	NA	NA	NA	NA	NA	NA	NA	NA	NA	NA	NA	NA	NA	NA	NA	NA	NA	NA	NA	NA	NA	NA	NA	NA	NA	NA	NA	NA	NA	NA	NA
20	20000786	62884632	0.617344020811865	1	-0.143134634405921	2.99655409017964	2	1	1	NA	NA	NA	NA	NA	NA	NA	NA	NA	NA	NA	NA	NA	NA	NA	NA	NA	NA	NA	NA	NA	NA	NA	NA	NA	NA	NA	NA	NA	NA	NA	NA	NA	NA	NA	NA	NA	NA	NA	NA	NA	NA	NA	NA	NA	NA	NA	NA	NA	NA	NA	NA	NA	NA	NA	NA	NA
21	15273817	48097610	0.501238697317557	1	0.178900864484702	4.03362892108738	2	2	1	NA	NA	NA	NA	NA	NA	NA	NA	NA	NA	NA	NA	NA	NA	NA	NA	NA	NA	NA	NA	NA	NA	NA	NA	NA	NA	NA	NA	NA	NA	NA	NA	NA	NA	NA	NA	NA	NA	NA	NA	NA	NA	NA	NA	NA	NA	NA	NA	NA	NA	NA	NA	NA	NA	NA	NA	NA
22	16600330	23055852	0.501583617387837	1	0.177969777098473	4.03028445678684	2	2	1	NA	NA	NA	NA	NA	NA	NA	NA	NA	NA	NA	NA	NA	NA	NA	NA	NA	NA	NA	NA	NA	NA	NA	NA	NA	NA	NA	NA	NA	NA	NA	NA	NA	NA	NA	NA	NA	NA	NA	NA	NA	NA	NA	NA	NA	NA	NA	NA	NA	NA	NA	NA	NA	NA	NA	NA	NA
22	23102474	23227573	0.893815776260756	1	0.197382190613476	4.36004073617155	4	0	1	NA	NA	NA	NA	NA	NA	NA	NA	NA	NA	NA	NA	NA	NA	NA	NA	NA	NA	NA	NA	NA	NA	NA	NA	NA	NA	NA	NA	NA	NA	NA	NA	NA	NA	NA	NA	NA	NA	NA	NA	NA	NA	NA	NA	NA	NA	NA	NA	NA	NA	NA	NA	NA	NA	NA	NA	NA
22	23254219	49999704	0.501896475387029	1	0.177577275662811	4.0288752389067	2	2	1	NA	NA	NA	NA	NA	NA	NA	NA	NA	NA	NA	NA	NA	NA	NA	NA	NA	NA	NA	NA	NA	NA	NA	NA	NA	NA	NA	NA	NA	NA	NA	NA	NA	NA	NA	NA	NA	NA	NA	NA	NA	NA	NA	NA	NA	NA	NA	NA	NA	NA	NA	NA	NA	NA	NA	NA	NA
