chr	startpos	endpos	BAF	pval	LogR	ntot	nMaj1_A	nMin1_A	frac1_A	nMaj2_A	nMin2_A	frac2_A	SDfrac_A	SDfrac_A_BS	frac1_A_0.025	frac1_A_0.975	nMaj1_B	nMin1_B	frac1_B	nMaj2_B	nMin2_B	frac2_B	SDfrac_B	SDfrac_B_BS	frac1_B_0.025	frac1_B_0.975	nMaj1_C	nMin1_C	frac1_C	nMaj2_C	nMin2_C	frac2_C	SDfrac_C	SDfrac_C_BS	frac1_C_0.025	frac1_C_0.975	nMaj1_D	nMin1_D	frac1_D	nMaj2_D	nMin2_D	frac2_D	SDfrac_D	SDfrac_D_BS	frac1_D_0.025	frac1_D_0.975	nMaj1_E	nMin1_E	frac1_E	nMaj2_E	nMin2_E	frac2_E	SDfrac_E	SDfrac_E_BS	frac1_E_0.025	frac1_E_0.975	nMaj1_F	nMin1_F	frac1_F	nMaj2_F	nMin2_F	frac2_F	SDfrac_F	SDfrac_F_BS	frac1_F_0.025	frac1_F_0.975
1	811735	6898849	0.921276744197433	1	-0.648430418368569	0.979577524152952	1	0	1	NA	NA	NA	NA	NA	NA	NA	NA	NA	NA	NA	NA	NA	NA	NA	NA	NA	NA	NA	NA	NA	NA	NA	NA	NA	NA	NA	NA	NA	NA	NA	NA	NA	NA	NA	NA	NA	NA	NA	NA	NA	NA	NA	NA	NA	NA	NA	NA	NA	NA	NA	NA	NA	NA	NA	NA	NA
1	6899709	6977623	0.689055229152341	0.00641547364807378	-0.6513206767115	0.977258586059979	0	0	0.891107704113778	1	0	0.108892295886222	0.0634032437236272	0.0700232390257535	0.718330473310048	0.970837753284603	0	0	0.945553852056889	2	0	0.0544461479431109	0.0317016218618136	0.0350116195128768	0.859165236655024	0.985418876642301	1	0	0.597876528421233	1	1	0.402123471578767	0.15150336945153	0.149302240141802	0.265312255289766	0.826497453087491	1	0	0.798938264210616	1	2	0.201061735789384	0.0757516847257648	0.0746511200709009	0.632656127644883	0.913248726543746	NA	NA	NA	NA	NA	NA	NA	NA	NA	NA	NA	NA	NA	NA	NA	NA	NA	NA	NA	NA
1	6980025	83606735	0.924837962308191	1	-0.645354813378031	1.14536279299443	1	0	1	NA	NA	NA	NA	NA	NA	NA	NA	NA	NA	NA	NA	NA	NA	NA	NA	NA	NA	NA	NA	NA	NA	NA	NA	NA	NA	NA	NA	NA	NA	NA	NA	NA	NA	NA	NA	NA	NA	NA	NA	NA	NA	NA	NA	NA	NA	NA	NA	NA	NA	NA	NA	NA	NA	NA	NA	NA
1	83610036	83774455	0.578361217160818	0.441007647695007	-0.638868691621275	0.987282366421582	0	0	1	NA	NA	NA	NA	NA	NA	NA	NA	NA	NA	NA	NA	NA	NA	NA	NA	NA	NA	NA	NA	NA	NA	NA	NA	NA	NA	NA	NA	NA	NA	NA	NA	NA	NA	NA	NA	NA	NA	NA	NA	NA	NA	NA	NA	NA	NA	NA	NA	NA	NA	NA	NA	NA	NA	NA	NA	NA
1	83962088	96155580	0.923444798605778	1	-0.647081493373292	1.12126003795432	1	0	1	NA	NA	NA	NA	NA	NA	NA	NA	NA	NA	NA	NA	NA	NA	NA	NA	NA	NA	NA	NA	NA	NA	NA	NA	NA	NA	NA	NA	NA	NA	NA	NA	NA	NA	NA	NA	NA	NA	NA	NA	NA	NA	NA	NA	NA	NA	NA	NA	NA	NA	NA	NA	NA	NA	NA	NA	NA
1	96155716	96185913	0.572238843192671	0.706746485611604	-0.649146675429175	0.979002417278354	0	0	1	NA	NA	NA	NA	NA	NA	NA	NA	NA	NA	NA	NA	NA	NA	NA	NA	NA	NA	NA	NA	NA	NA	NA	NA	NA	NA	NA	NA	NA	NA	NA	NA	NA	NA	NA	NA	NA	NA	NA	NA	NA	NA	NA	NA	NA	NA	NA	NA	NA	NA	NA	NA	NA	NA	NA	NA	NA
1	96198292	116378833	0.928373937935755	1	-0.645410066864081	1.2107476875519	1	0	1	NA	NA	NA	NA	NA	NA	NA	NA	NA	NA	NA	NA	NA	NA	NA	NA	NA	NA	NA	NA	NA	NA	NA	NA	NA	NA	NA	NA	NA	NA	NA	NA	NA	NA	NA	NA	NA	NA	NA	NA	NA	NA	NA	NA	NA	NA	NA	NA	NA	NA	NA	NA	NA	NA	NA	NA	NA
1	116380029	116471319	0.78904517737425	6.64132140547286e-05	-0.660807090558453	0.969679926595012	0	0	0.754603712841866	1	0	0.245396287158134	0.0668222061973435	0.0704940140946408	0.582959143354072	0.853348238047469	0	0	0.877301856420933	2	0	0.122698143579067	0.0334111030986721	0.0352470070473204	0.791479571677035	0.926674119023734	1	0	0.798253259813304	1	1	0.201746740186696	0.0568371974555059	0.0565815292406551	0.675895183604698	0.894994998677706	1	0	0.899126629906652	1	2	0.100873370093348	0.0284185987277529	0.0282907646203275	0.837947591802349	0.947497499338853	NA	NA	NA	NA	NA	NA	NA	NA	NA	NA	NA	NA	NA	NA	NA	NA	NA	NA	NA	NA
1	116476586	116477807	0.942946226709561	0.000105416491331973	-0.630231326564384	1.56573277343213	1	0	0.609540471846387	2	0	0.390459528153613	0.26164416607219	0.000753728144144567	2.0822603139082	2.08532518349732	0	0	0.304770235923193	2	0	0.695229764076807	0.130822083036095	0.000376864072072283	1.0411301569541	1.04266259174866	1	0	0.804770235923194	3	0	0.195229764076806	0.130822083036095	0.00037686407207226	1.5411301569541	1.54266259174866	2	0	0.96311922895813	2	1	0.0368807710418704	0.0217642817447088	4.78761238836142	-43.2088938901433	-24.5820552851578	2	0	0.981559614479065	2	2	0.0184403855209352	0.0108821408723544	2.3938061941807	-21.1044469450717	-11.7910276425789	NA	NA	NA	NA	NA	NA	NA	NA	NA	NA
1	116477850	120519978	0.921850083350185	1	-0.645678812203996	0.98178953852026	1	0	1	NA	NA	NA	NA	NA	NA	NA	NA	NA	NA	NA	NA	NA	NA	NA	NA	NA	NA	NA	NA	NA	NA	NA	NA	NA	NA	NA	NA	NA	NA	NA	NA	NA	NA	NA	NA	NA	NA	NA	NA	NA	NA	NA	NA	NA	NA	NA	NA	NA	NA	NA	NA	NA	NA	NA	NA	NA
1	120644366	121101933	0.577297488174938	0.055349565369175	-0.653172421777314	0.975775317122297	0	0	1	NA	NA	NA	NA	NA	NA	NA	NA	NA	NA	NA	NA	NA	NA	NA	NA	NA	NA	NA	NA	NA	NA	NA	NA	NA	NA	NA	NA	NA	NA	NA	NA	NA	NA	NA	NA	NA	NA	NA	NA	NA	NA	NA	NA	NA	NA	NA	NA	NA	NA	NA	NA	NA	NA	NA	NA	NA
1	121168848	178022980	0.925737961495535	1	-0.643565859410542	1.16141425112616	1	0	1	NA	NA	NA	NA	NA	NA	NA	NA	NA	NA	NA	NA	NA	NA	NA	NA	NA	NA	NA	NA	NA	NA	NA	NA	NA	NA	NA	NA	NA	NA	NA	NA	NA	NA	NA	NA	NA	NA	NA	NA	NA	NA	NA	NA	NA	NA	NA	NA	NA	NA	NA	NA	NA	NA	NA	NA	NA
1	178030358	178167347	0.673707390183699	0.372857548265731	-0.631448432408691	0.993296903799803	0	0	1	NA	NA	NA	NA	NA	NA	NA	NA	NA	NA	NA	NA	NA	NA	NA	NA	NA	NA	NA	NA	NA	NA	NA	NA	NA	NA	NA	NA	NA	NA	NA	NA	NA	NA	NA	NA	NA	NA	NA	NA	NA	NA	NA	NA	NA	NA	NA	NA	NA	NA	NA	NA	NA	NA	NA	NA	NA
1	178181554	202045985	0.930483267185071	1	-0.645179134405088	1.25291944816668	1	0	1	NA	NA	NA	NA	NA	NA	NA	NA	NA	NA	NA	NA	NA	NA	NA	NA	NA	NA	NA	NA	NA	NA	NA	NA	NA	NA	NA	NA	NA	NA	NA	NA	NA	NA	NA	NA	NA	NA	NA	NA	NA	NA	NA	NA	NA	NA	NA	NA	NA	NA	NA	NA	NA	NA	NA	NA	NA
1	202047657	202050654	0.716541612739093	0.0119573597816519	-0.69112141623222	0.94579329908821	0	0	0.863181831291679	1	0	0.136818168708321	0.157028413186707	0.0197647498058407	0.999113711737899	1.08302788021021	0	0	0.931590915645839	2	0	0.0684090843541609	0.0785142065933538	0.00988237490292038	0.999556855868949	1.04151394010511	1	0	0.658531862684789	1	1	0.341468137315211	0.254907297301731	2.99601425631758	-13.8718739684882	0.010677828595755	1	0	0.829265931342394	1	2	0.170734068657606	0.127453648650865	1.49800712815879	-6.43593698424409	0.505338914297877	NA	NA	NA	NA	NA	NA	NA	NA	NA	NA	NA	NA	NA	NA	NA	NA	NA	NA	NA	NA
1	202051989	207832976	0.919473182346076	1	-0.64824891599693	0.979723303858668	1	0	1	NA	NA	NA	NA	NA	NA	NA	NA	NA	NA	NA	NA	NA	NA	NA	NA	NA	NA	NA	NA	NA	NA	NA	NA	NA	NA	NA	NA	NA	NA	NA	NA	NA	NA	NA	NA	NA	NA	NA	NA	NA	NA	NA	NA	NA	NA	NA	NA	NA	NA	NA	NA	NA	NA	NA	NA	NA
1	207833336	207854703	0.593929061940435	0.243819859233118	-0.622514550192949	1.00057948159528	1	1	1	NA	NA	NA	NA	NA	NA	NA	NA	NA	NA	NA	NA	NA	NA	NA	NA	NA	NA	NA	NA	NA	NA	NA	NA	NA	NA	NA	NA	NA	NA	NA	NA	NA	NA	NA	NA	NA	NA	NA	NA	NA	NA	NA	NA	NA	NA	NA	NA	NA	NA	NA	NA	NA	NA	NA	NA	NA
1	207856484	209592439	0.912286919592788	0.0319037293182236	-0.647699251887073	0.980164896878134	0	0	0.158165129487357	1	0	0.841834870512643	0.0639647874365145	0.0655651227533824	0.0297792092079012	0.284342180570394	0	0	0.579082564743678	2	0	0.420917435256322	0.0319823937182573	0.0327825613766913	0.51488960460395	0.642171090285197	1	0	0.984792996126115	1	1	0.0152070038738845	0.00716659252815899	0.00745123069058533	0.967910910894167	0.997448860065925	1	0	0.992396498063058	1	2	0.00760350193694226	0.00358329626407955	0.00347708491926778	0.985026088837993	0.998938015708847	NA	NA	NA	NA	NA	NA	NA	NA	NA	NA	NA	NA	NA	NA	NA	NA	NA	NA	NA	NA
1	209594361	209603360	0.561662998906935	0.74070760507788	-0.627990334702815	0.996110471647041	0	0	1	NA	NA	NA	NA	NA	NA	NA	NA	NA	NA	NA	NA	NA	NA	NA	NA	NA	NA	NA	NA	NA	NA	NA	NA	NA	NA	NA	NA	NA	NA	NA	NA	NA	NA	NA	NA	NA	NA	NA	NA	NA	NA	NA	NA	NA	NA	NA	NA	NA	NA	NA	NA	NA	NA	NA	NA	NA
1	209604536	248587500	0.925802805796717	1	-0.643615595246897	1.16258578607898	1	0	1	NA	NA	NA	NA	NA	NA	NA	NA	NA	NA	NA	NA	NA	NA	NA	NA	NA	NA	NA	NA	NA	NA	NA	NA	NA	NA	NA	NA	NA	NA	NA	NA	NA	NA	NA	NA	NA	NA	NA	NA	NA	NA	NA	NA	NA	NA	NA	NA	NA	NA	NA	NA	NA	NA	NA	NA	NA
1	248588839	248823325	0.547474510616869	0.648887950550696	-0.655961448079036	0.973544865295479	0	0	1	NA	NA	NA	NA	NA	NA	NA	NA	NA	NA	NA	NA	NA	NA	NA	NA	NA	NA	NA	NA	NA	NA	NA	NA	NA	NA	NA	NA	NA	NA	NA	NA	NA	NA	NA	NA	NA	NA	NA	NA	NA	NA	NA	NA	NA	NA	NA	NA	NA	NA	NA	NA	NA	NA	NA	NA	NA
1	248824239	249223191	0.874463279741979	0.00331069235515864	-0.648628380360468	0.979418545261264	0	0	0.465767657608158	1	0	0.534232342391842	0.0961483814780275	0.0978928552820427	0.223841729854609	0.60923281307075	0	0	0.732883828804079	2	0	0.267116171195921	0.048074190739014	0.0520713724876153	0.612379489401907	0.811669889876626	1	0	0.933135049243415	1	1	0.0668649507565848	0.023695127566868	0.0252286738269069	0.879533807372729	0.976667104751992	1	0	0.966567524621708	1	2	0.0334324753782924	0.0118475637834339	0.0126143369134534	0.939766903686365	0.988333552375996	NA	NA	NA	NA	NA	NA	NA	NA	NA	NA	NA	NA	NA	NA	NA	NA	NA	NA	NA	NA
2	23368	242985695	0.501107062768021	1	0.274187702272031	2.01723220174365	1	1	1	NA	NA	NA	NA	NA	NA	NA	NA	NA	NA	NA	NA	NA	NA	NA	NA	NA	NA	NA	NA	NA	NA	NA	NA	NA	NA	NA	NA	NA	NA	NA	NA	NA	NA	NA	NA	NA	NA	NA	NA	NA	NA	NA	NA	NA	NA	NA	NA	NA	NA	NA	NA	NA	NA	NA	NA	NA
3	60596	43713569	0.9279769479425	1	-0.645743506663723	1.20308687653193	1	0	1	NA	NA	NA	NA	NA	NA	NA	NA	NA	NA	NA	NA	NA	NA	NA	NA	NA	NA	NA	NA	NA	NA	NA	NA	NA	NA	NA	NA	NA	NA	NA	NA	NA	NA	NA	NA	NA	NA	NA	NA	NA	NA	NA	NA	NA	NA	NA	NA	NA	NA	NA	NA	NA	NA	NA	NA	NA
3	43764213	44089142	0.502222971008147	1	-0.642506807226852	0.984344751728613	0	0	1	NA	NA	NA	NA	NA	NA	NA	NA	NA	NA	NA	NA	NA	NA	NA	NA	NA	NA	NA	NA	NA	NA	NA	NA	NA	NA	NA	NA	NA	NA	NA	NA	NA	NA	NA	NA	NA	NA	NA	NA	NA	NA	NA	NA	NA	NA	NA	NA	NA	NA	NA	NA	NA	NA	NA	NA	NA
3	44097005	62086887	0.92782005142017	1	-0.644747443336147	1.20008244014552	1	0	1	NA	NA	NA	NA	NA	NA	NA	NA	NA	NA	NA	NA	NA	NA	NA	NA	NA	NA	NA	NA	NA	NA	NA	NA	NA	NA	NA	NA	NA	NA	NA	NA	NA	NA	NA	NA	NA	NA	NA	NA	NA	NA	NA	NA	NA	NA	NA	NA	NA	NA	NA	NA	NA	NA	NA	NA	NA
3	62086930	62246422	0.808298631467308	8.73531220830927e-06	-0.664212347264381	0.966971611989937	0	0	0.71196974976643	1	0	0.28803025023357	0.0623075585628389	0.0656384157760248	0.563278282492177	0.810174130327712	0	0	0.855984874883214	2	0	0.144015125116786	0.0311537792814193	0.0328192078880124	0.781639141246087	0.905087065163856	1	0	0.831144616518353	1	1	0.168855383481647	0.0419492631448068	0.0435292800075604	0.737722670234158	0.902563783279845	1	0	0.915572308259176	1	2	0.0844276917408237	0.0209746315724033	0.0217646400037802	0.868861335117079	0.951281891639922	NA	NA	NA	NA	NA	NA	NA	NA	NA	NA	NA	NA	NA	NA	NA	NA	NA	NA	NA	NA
3	62263047	65710805	0.933396443464971	1	-0.643766142520051	1.31555454844006	1	0	1	NA	NA	NA	NA	NA	NA	NA	NA	NA	NA	NA	NA	NA	NA	NA	NA	NA	NA	NA	NA	NA	NA	NA	NA	NA	NA	NA	NA	NA	NA	NA	NA	NA	NA	NA	NA	NA	NA	NA	NA	NA	NA	NA	NA	NA	NA	NA	NA	NA	NA	NA	NA	NA	NA	NA	NA	NA
3	65711119	65711464	0.591015523356327	0.705300900097621	-0.718068516421751	0.924977236622333	0	0	1	NA	NA	NA	NA	NA	NA	NA	NA	NA	NA	NA	NA	NA	NA	NA	NA	NA	NA	NA	NA	NA	NA	NA	NA	NA	NA	NA	NA	NA	NA	NA	NA	NA	NA	NA	NA	NA	NA	NA	NA	NA	NA	NA	NA	NA	NA	NA	NA	NA	NA	NA	NA	NA	NA	NA	NA	NA
3	65711665	66442010	0.86533834939062	3.24436152334991e-08	-0.646348956718712	0.981250421098901	0	0	0.514104309933863	1	0	0.485895690066137	0.052027915014843	0.0551271071498384	0.392203451893628	0.606833511882995	0	0	0.757052154966931	2	0	0.242947845033069	0.0260139575074213	0.0275635535749192	0.696101725946814	0.803416755941497	1	0	0.919996455710252	1	1	0.0800035442897483	0.0152393622673308	0.0160811174555641	0.886860898393144	0.94944988903984	1	0	0.959998227855126	1	2	0.0400017721448742	0.00761968113366535	0.00804055872778205	0.943430449196572	0.97472494451992	NA	NA	NA	NA	NA	NA	NA	NA	NA	NA	NA	NA	NA	NA	NA	NA	NA	NA	NA	NA
3	66442435	66452562	0.624067962343361	0.464855255537632	-0.613800557338775	1.00772639213292	1	1	1	NA	NA	NA	NA	NA	NA	NA	NA	NA	NA	NA	NA	NA	NA	NA	NA	NA	NA	NA	NA	NA	NA	NA	NA	NA	NA	NA	NA	NA	NA	NA	NA	NA	NA	NA	NA	NA	NA	NA	NA	NA	NA	NA	NA	NA	NA	NA	NA	NA	NA	NA	NA	NA	NA	NA	NA	NA
3	66454008	66698126	0.841921741823685	7.17127052127828e-05	-0.645467923746471	0.98195924573837	0	0	0.612611884203169	1	0	0.387388115796831	0.0737030525397043	0.078491223165481	0.433689453887071	0.733471081955508	0	0	0.806305942101584	2	0	0.193694057898416	0.0368515262698518	0.0392456115827406	0.716844726943535	0.866735540977754	1	0	0.884976697022717	1	1	0.115023302977283	0.0311136304586508	0.0325557463838993	0.815068586394224	0.940748459781028	1	0	0.942488348511359	1	2	0.0575116514886415	0.0155568152293253	0.0162778731919497	0.907534293197112	0.970374229890514	NA	NA	NA	NA	NA	NA	NA	NA	NA	NA	NA	NA	NA	NA	NA	NA	NA	NA	NA	NA
3	66699668	125888991	0.928219724610435	1	-0.645091445979046	1.20776173094409	1	0	1	NA	NA	NA	NA	NA	NA	NA	NA	NA	NA	NA	NA	NA	NA	NA	NA	NA	NA	NA	NA	NA	NA	NA	NA	NA	NA	NA	NA	NA	NA	NA	NA	NA	NA	NA	NA	NA	NA	NA	NA	NA	NA	NA	NA	NA	NA	NA	NA	NA	NA	NA	NA	NA	NA	NA	NA	NA
3	125889512	125892309	0.669237804106767	0.329794913382466	-0.696481878485102	0.941621418808721	0	0	1	NA	NA	NA	NA	NA	NA	NA	NA	NA	NA	NA	NA	NA	NA	NA	NA	NA	NA	NA	NA	NA	NA	NA	NA	NA	NA	NA	NA	NA	NA	NA	NA	NA	NA	NA	NA	NA	NA	NA	NA	NA	NA	NA	NA	NA	NA	NA	NA	NA	NA	NA	NA	NA	NA	NA	NA	NA
3	125894883	175523026	0.927614530407339	1	-0.64501777023766	1.19616659010325	1	0	1	NA	NA	NA	NA	NA	NA	NA	NA	NA	NA	NA	NA	NA	NA	NA	NA	NA	NA	NA	NA	NA	NA	NA	NA	NA	NA	NA	NA	NA	NA	NA	NA	NA	NA	NA	NA	NA	NA	NA	NA	NA	NA	NA	NA	NA	NA	NA	NA	NA	NA	NA	NA	NA	NA	NA	NA	NA
3	175523710	175696516	0.785328542796412	2.08191739123643e-06	-0.64453653912938	0.982709051030375	0	0	0.761953044100917	1	0	0.238046955899083	0.0552666019767079	0.0556877546087043	0.633267142900155	0.848284343488523	0	0	0.880976522050458	2	0	0.119023477949542	0.027633300988354	0.0278438773043522	0.816633571450077	0.924142171744261	1	0	0.791718291919695	1	1	0.208281708080305	0.0494555007705497	0.0496479229400851	0.684816079620845	0.875169949220851	1	0	0.895859145959847	1	2	0.104140854040153	0.0247277503852749	0.0248239614700425	0.842408039810423	0.937584974610425	NA	NA	NA	NA	NA	NA	NA	NA	NA	NA	NA	NA	NA	NA	NA	NA	NA	NA	NA	NA
3	175703543	197846280	0.927600687682151	1	-0.646172937958615	1.19590363987931	1	0	1	NA	NA	NA	NA	NA	NA	NA	NA	NA	NA	NA	NA	NA	NA	NA	NA	NA	NA	NA	NA	NA	NA	NA	NA	NA	NA	NA	NA	NA	NA	NA	NA	NA	NA	NA	NA	NA	NA	NA	NA	NA	NA	NA	NA	NA	NA	NA	NA	NA	NA	NA	NA	NA	NA	NA	NA	NA
4	109541	190781263	0.500838962461762	1	0.274472154829599	2.01766528942681	1	1	1	NA	NA	NA	NA	NA	NA	NA	NA	NA	NA	NA	NA	NA	NA	NA	NA	NA	NA	NA	NA	NA	NA	NA	NA	NA	NA	NA	NA	NA	NA	NA	NA	NA	NA	NA	NA	NA	NA	NA	NA	NA	NA	NA	NA	NA	NA	NA	NA	NA	NA	NA	NA	NA	NA	NA	NA	NA
5	859234	180742812	0.501102902468522	1	0.27520296599565	2.01877836327859	1	1	1	NA	NA	NA	NA	NA	NA	NA	NA	NA	NA	NA	NA	NA	NA	NA	NA	NA	NA	NA	NA	NA	NA	NA	NA	NA	NA	NA	NA	NA	NA	NA	NA	NA	NA	NA	NA	NA	NA	NA	NA	NA	NA	NA	NA	NA	NA	NA	NA	NA	NA	NA	NA	NA	NA	NA	NA	NA
6	203397	155761618	0.928464773188682	1	-0.64544888342244	1.21251251066033	1	0	1	NA	NA	NA	NA	NA	NA	NA	NA	NA	NA	NA	NA	NA	NA	NA	NA	NA	NA	NA	NA	NA	NA	NA	NA	NA	NA	NA	NA	NA	NA	NA	NA	NA	NA	NA	NA	NA	NA	NA	NA	NA	NA	NA	NA	NA	NA	NA	NA	NA	NA	NA	NA	NA	NA	NA	NA	NA
6	155762065	155771086	0.61946015561989	0.477713307806323	-0.669007806366596	0.963168446577196	0	0	1	NA	NA	NA	NA	NA	NA	NA	NA	NA	NA	NA	NA	NA	NA	NA	NA	NA	NA	NA	NA	NA	NA	NA	NA	NA	NA	NA	NA	NA	NA	NA	NA	NA	NA	NA	NA	NA	NA	NA	NA	NA	NA	NA	NA	NA	NA	NA	NA	NA	NA	NA	NA	NA	NA	NA	NA	NA
6	155785628	170898626	0.928185383020872	1	-0.646596790500908	1.2070985375223	1	0	1	NA	NA	NA	NA	NA	NA	NA	NA	NA	NA	NA	NA	NA	NA	NA	NA	NA	NA	NA	NA	NA	NA	NA	NA	NA	NA	NA	NA	NA	NA	NA	NA	NA	NA	NA	NA	NA	NA	NA	NA	NA	NA	NA	NA	NA	NA	NA	NA	NA	NA	NA	NA	NA	NA	NA	NA	NA
7	80500	159122659	0.501195139768046	1	0.275100187949756	2.01862179142745	1	1	1	NA	NA	NA	NA	NA	NA	NA	NA	NA	NA	NA	NA	NA	NA	NA	NA	NA	NA	NA	NA	NA	NA	NA	NA	NA	NA	NA	NA	NA	NA	NA	NA	NA	NA	NA	NA	NA	NA	NA	NA	NA	NA	NA	NA	NA	NA	NA	NA	NA	NA	NA	NA	NA	NA	NA	NA	NA
8	143207	146273484	0.500965766965069	1	0.274564795309468	2.01780635581382	1	1	1	NA	NA	NA	NA	NA	NA	NA	NA	NA	NA	NA	NA	NA	NA	NA	NA	NA	NA	NA	NA	NA	NA	NA	NA	NA	NA	NA	NA	NA	NA	NA	NA	NA	NA	NA	NA	NA	NA	NA	NA	NA	NA	NA	NA	NA	NA	NA	NA	NA	NA	NA	NA	NA	NA	NA	NA	NA
9	203761	141069765	0.500791209780683	1	0.27497359391868	2.01842895368647	1	1	1	NA	NA	NA	NA	NA	NA	NA	NA	NA	NA	NA	NA	NA	NA	NA	NA	NA	NA	NA	NA	NA	NA	NA	NA	NA	NA	NA	NA	NA	NA	NA	NA	NA	NA	NA	NA	NA	NA	NA	NA	NA	NA	NA	NA	NA	NA	NA	NA	NA	NA	NA	NA	NA	NA	NA	NA	NA
10	202805	725223	0.849888362445837	3.66569333490674e-05	-0.644740553162292	0.982544769418825	0	0	0.582547704823063	1	0	0.417452295176937	0.0703902944135111	0.073402661155299	0.40556297484348	0.699345795174058	0	0	0.791273852411531	2	0	0.208726147588469	0.0351951472067556	0.0367013305776495	0.70278148742174	0.849672897587029	1	0	0.897107439296203	1	1	0.102892560703797	0.0263670971540209	0.0268816631923629	0.839374142825184	0.946897118185018	1	0	0.948553719648101	1	2	0.0514462803518987	0.0131835485770104	0.0134408315961815	0.919687071412592	0.973448559092509	NA	NA	NA	NA	NA	NA	NA	NA	NA	NA	NA	NA	NA	NA	NA	NA	NA	NA	NA	NA
10	725487	10670464	0.928767563359586	1	-0.646884439219059	1.21842787909144	1	0	1	NA	NA	NA	NA	NA	NA	NA	NA	NA	NA	NA	NA	NA	NA	NA	NA	NA	NA	NA	NA	NA	NA	NA	NA	NA	NA	NA	NA	NA	NA	NA	NA	NA	NA	NA	NA	NA	NA	NA	NA	NA	NA	NA	NA	NA	NA	NA	NA	NA	NA	NA	NA	NA	NA	NA	NA	NA
10	10671762	12664266	0.893938815696279	1.95626154619181e-11	-0.642537535324923	0.984319971706721	0	0	0.334781956207102	1	0	0.665218043792898	0.0355595781463478	0.0352334776585945	0.260957361016704	0.398052880011466	0	0	0.667390978103551	2	0	0.332609021896449	0.017779789073174	0.0176167388292973	0.630478680508351	0.699026440005732	1	0	0.960279864644668	1	1	0.0397201353553323	0.00607969199976188	0.0060108700889884	0.948362668643628	0.971784991367414	1	0	0.980139932322334	1	2	0.0198600676776662	0.00303984599988094	0.0030054350444942	0.974181334321814	0.985892495683707	NA	NA	NA	NA	NA	NA	NA	NA	NA	NA	NA	NA	NA	NA	NA	NA	NA	NA	NA	NA
10	12665123	12669166	0.535045531419071	0.621443802980715	-0.740537847408178	0.907914965083493	0	0	1	NA	NA	NA	NA	NA	NA	NA	NA	NA	NA	NA	NA	NA	NA	NA	NA	NA	NA	NA	NA	NA	NA	NA	NA	NA	NA	NA	NA	NA	NA	NA	NA	NA	NA	NA	NA	NA	NA	NA	NA	NA	NA	NA	NA	NA	NA	NA	NA	NA	NA	NA	NA	NA	NA	NA	NA	NA
10	12672884	38516509	0.927034897517452	1	-0.645163228554392	1.18524152049697	1	0	1	NA	NA	NA	NA	NA	NA	NA	NA	NA	NA	NA	NA	NA	NA	NA	NA	NA	NA	NA	NA	NA	NA	NA	NA	NA	NA	NA	NA	NA	NA	NA	NA	NA	NA	NA	NA	NA	NA	NA	NA	NA	NA	NA	NA	NA	NA	NA	NA	NA	NA	NA	NA	NA	NA	NA	NA	NA
10	38532949	42403710	0.743581807027369	1.81245914870545e-08	-0.649635212130775	0.978610318493055	0	0	0.829867324891128	1	0	0.170132675108872	0.0396050343878182	0.0407988752980551	0.731006247342475	0.893433300596942	0	0	0.914933662445564	2	0	0.0850663375544365	0.019802517193909	0.0203994376490276	0.865503123671238	0.94671665029847	1	0	0.713826941643044	1	1	0.286173058356956	0.056668682654272	0.0571297511128555	0.591237120748396	0.815647603865023	1	0	0.856913470821522	1	2	0.143086529178478	0.0283343413271361	0.0285648755564277	0.795618560374198	0.907823801932511	NA	NA	NA	NA	NA	NA	NA	NA	NA	NA	NA	NA	NA	NA	NA	NA	NA	NA	NA	NA
10	42410762	43119159	0.903309056957279	0.000463825381379845	-0.643600218858671	0.983463317816017	0	0	0.252959930518576	1	0	0.747040069481424	0.0566087063491223	0.0607646996287989	0.128229648007214	0.364718506381513	0	0	0.626479965259287	2	0	0.373520034740713	0.0283043531745612	0.0281223706426448	0.566058346491126	0.678625693052056	1	0	0.972922961365792	1	1	0.027077038634208	0.00786270779849585	0.00774848553506298	0.9562931928382	0.987576188623033	1	0	0.986461480682896	1	2	0.0135385193171039	0.00393135389924798	0.00387424276753149	0.9781465964191	0.993788094311516	NA	NA	NA	NA	NA	NA	NA	NA	NA	NA	NA	NA	NA	NA	NA	NA	NA	NA	NA	NA
10	43122649	43130471	0.719923445219138	0.0612103527451833	-0.864777266305404	0.818222894266805	1	0	1	NA	NA	NA	NA	NA	NA	NA	NA	NA	NA	NA	NA	NA	NA	NA	NA	NA	NA	NA	NA	NA	NA	NA	NA	NA	NA	NA	NA	NA	NA	NA	NA	NA	NA	NA	NA	NA	NA	NA	NA	NA	NA	NA	NA	NA	NA	NA	NA	NA	NA	NA	NA	NA	NA	NA	NA	NA
10	43132156	48660703	0.931672067531674	1	-0.645960197434846	1.27783434400277	1	0	1	NA	NA	NA	NA	NA	NA	NA	NA	NA	NA	NA	NA	NA	NA	NA	NA	NA	NA	NA	NA	NA	NA	NA	NA	NA	NA	NA	NA	NA	NA	NA	NA	NA	NA	NA	NA	NA	NA	NA	NA	NA	NA	NA	NA	NA	NA	NA	NA	NA	NA	NA	NA	NA	NA	NA	NA	NA
10	48664519	49319300	0.524771003997144	0.668341618629278	-0.652663446514445	0.976182822408289	0	0	1	NA	NA	NA	NA	NA	NA	NA	NA	NA	NA	NA	NA	NA	NA	NA	NA	NA	NA	NA	NA	NA	NA	NA	NA	NA	NA	NA	NA	NA	NA	NA	NA	NA	NA	NA	NA	NA	NA	NA	NA	NA	NA	NA	NA	NA	NA	NA	NA	NA	NA	NA	NA	NA	NA	NA	NA	NA
10	49363009	52500129	0.920598692160351	1	-0.640708416159402	0.985795945748986	1	0	1	NA	NA	NA	NA	NA	NA	NA	NA	NA	NA	NA	NA	NA	NA	NA	NA	NA	NA	NA	NA	NA	NA	NA	NA	NA	NA	NA	NA	NA	NA	NA	NA	NA	NA	NA	NA	NA	NA	NA	NA	NA	NA	NA	NA	NA	NA	NA	NA	NA	NA	NA	NA	NA	NA	NA	NA	NA
10	52501044	52547409	0.650970072843241	0.000224783539561151	-0.649849936289694	0.978438023221751	0	0	0.922532433067029	1	0	0.0774675669329714	0.02663284750755	0.0263266291702825	0.85986030374304	0.964377302522413	0	0	0.961266216533514	2	0	0.0387337834664858	0.013316423753775	0.0131633145851413	0.92993015187152	0.982188651261206	1	0	0.505366772842919	1	1	0.494633227157081	0.092452623483537	0.0905371622964376	0.309358716729609	0.664097671246835	1	0	0.752683386421459	1	2	0.247316613578541	0.0462263117417684	0.0452685811482188	0.654679358364804	0.832048835623418	NA	NA	NA	NA	NA	NA	NA	NA	NA	NA	NA	NA	NA	NA	NA	NA	NA	NA	NA	NA
10	52547708	88870820	0.930724951979375	1	-0.64542667537111	1.25791543084966	1	0	1	NA	NA	NA	NA	NA	NA	NA	NA	NA	NA	NA	NA	NA	NA	NA	NA	NA	NA	NA	NA	NA	NA	NA	NA	NA	NA	NA	NA	NA	NA	NA	NA	NA	NA	NA	NA	NA	NA	NA	NA	NA	NA	NA	NA	NA	NA	NA	NA	NA	NA	NA	NA	NA	NA	NA	NA	NA
10	88902863	89253957	0.665132018728026	2.23109359718584e-09	-0.648749979168497	0.979320902766109	0	0	0.911681967769958	1	0	0.0883180322300424	0.0193964480928647	0.0196749283196004	0.865592729237494	0.941811744939465	0	0	0.955840983884979	2	0	0.0441590161150214	0.00969822404643234	0.00983746415980023	0.932796364618747	0.970905872469732	1	0	0.54100375337062	1	1	0.45899624662938	0.0595861569350816	0.0587834928993224	0.427366881138858	0.653007444067094	1	0	0.77050187668531	1	2	0.22949812331469	0.0297930784675407	0.0293917464496612	0.713683440569429	0.826503722033547	NA	NA	NA	NA	NA	NA	NA	NA	NA	NA	NA	NA	NA	NA	NA	NA	NA	NA	NA	NA
10	89255921	135216590	0.927850918324119	1	-0.644995752605663	1.20067248289708	1	0	1	NA	NA	NA	NA	NA	NA	NA	NA	NA	NA	NA	NA	NA	NA	NA	NA	NA	NA	NA	NA	NA	NA	NA	NA	NA	NA	NA	NA	NA	NA	NA	NA	NA	NA	NA	NA	NA	NA	NA	NA	NA	NA	NA	NA	NA	NA	NA	NA	NA	NA	NA	NA	NA	NA	NA	NA	NA
11	247630	134946288	0.501086593313724	1	0.274901663213207	2.01831939085564	1	1	1	NA	NA	NA	NA	NA	NA	NA	NA	NA	NA	NA	NA	NA	NA	NA	NA	NA	NA	NA	NA	NA	NA	NA	NA	NA	NA	NA	NA	NA	NA	NA	NA	NA	NA	NA	NA	NA	NA	NA	NA	NA	NA	NA	NA	NA	NA	NA	NA	NA	NA	NA	NA	NA	NA	NA	NA	NA
12	188285	133820866	0.501210772942848	1	0.274589121099502	2.0178433989123	1	1	1	NA	NA	NA	NA	NA	NA	NA	NA	NA	NA	NA	NA	NA	NA	NA	NA	NA	NA	NA	NA	NA	NA	NA	NA	NA	NA	NA	NA	NA	NA	NA	NA	NA	NA	NA	NA	NA	NA	NA	NA	NA	NA	NA	NA	NA	NA	NA	NA	NA	NA	NA	NA	NA	NA	NA	NA	NA
13	19589846	46979279	0.929736956077898	1	-0.64494078872828	1.23770902217593	1	0	1	NA	NA	NA	NA	NA	NA	NA	NA	NA	NA	NA	NA	NA	NA	NA	NA	NA	NA	NA	NA	NA	NA	NA	NA	NA	NA	NA	NA	NA	NA	NA	NA	NA	NA	NA	NA	NA	NA	NA	NA	NA	NA	NA	NA	NA	NA	NA	NA	NA	NA	NA	NA	NA	NA	NA	NA	NA
13	46984940	47038223	0.675460139464328	6.17361922139376e-07	-0.679751217551507	0.954693846909078	0	0	0.903171736559344	1	0	0.0968282634406561	0.0257493544174485	0.0254167375491809	0.843522038582875	0.942523137777978	0	0	0.951585868279672	2	0	0.048414131720328	0.0128746772087244	0.0127083687745905	0.921761019291438	0.971261568888989	1	0	0.566051033514451	1	1	0.433948966485549	0.071847817189839	0.0696697144708354	0.423816459173027	0.691529816924306	1	0	0.783025516757225	1	2	0.216974483242775	0.0359239085949195	0.0348348572354177	0.711908229586513	0.845764908462153	NA	NA	NA	NA	NA	NA	NA	NA	NA	NA	NA	NA	NA	NA	NA	NA	NA	NA	NA	NA
13	47040505	114999838	0.932365260829997	1	-0.644729960231605	1.29276655236323	1	0	1	NA	NA	NA	NA	NA	NA	NA	NA	NA	NA	NA	NA	NA	NA	NA	NA	NA	NA	NA	NA	NA	NA	NA	NA	NA	NA	NA	NA	NA	NA	NA	NA	NA	NA	NA	NA	NA	NA	NA	NA	NA	NA	NA	NA	NA	NA	NA	NA	NA	NA	NA	NA	NA	NA	NA	NA	NA
14	20428592	22917633	0.500793959505216	1	0.273817460700383	2.01666862556261	1	1	1	NA	NA	NA	NA	NA	NA	NA	NA	NA	NA	NA	NA	NA	NA	NA	NA	NA	NA	NA	NA	NA	NA	NA	NA	NA	NA	NA	NA	NA	NA	NA	NA	NA	NA	NA	NA	NA	NA	NA	NA	NA	NA	NA	NA	NA	NA	NA	NA	NA	NA	NA	NA	NA	NA	NA	NA	NA
14	22920326	22980408	0.894739784858828	1.91283740184443e-15	0.28358971410751	2.03159238164206	2	0	0.843727565484207	2	1	0.156272434515793	0.0106333308202198	0.0105616371903468	0.823332209813082	0.86340156475317	2	0	0.921863782742103	2	2	0.0781362172578965	0.00531666541010989	0.00528081859517337	0.911666104906541	0.931700782376585	1	0	0.961370948423504	1	1	0.0386290515764955	0.00554451510456805	0.00550713204741939	0.950736241435309	0.97162952007507	1	0	0.980685474211752	1	2	0.0193145257882479	0.002772257552284	0.0027535660237097	0.975368120717654	0.985814760037535	NA	NA	NA	NA	NA	NA	NA	NA	NA	NA	NA	NA	NA	NA	NA	NA	NA	NA	NA	NA
14	22983567	107239333	0.500689066066625	1	0.274732195370572	2.01806128379086	1	1	1	NA	NA	NA	NA	NA	NA	NA	NA	NA	NA	NA	NA	NA	NA	NA	NA	NA	NA	NA	NA	NA	NA	NA	NA	NA	NA	NA	NA	NA	NA	NA	NA	NA	NA	NA	NA	NA	NA	NA	NA	NA	NA	NA	NA	NA	NA	NA	NA	NA	NA	NA	NA	NA	NA	NA	NA	NA
15	20001774	102431166	0.540272755903574	0	0.145247843969861	1.82945298870394	1	0	0.162433321306827	1	1	0.837566678693173	0.000883580989007066	0.000872173048742425	0.160633549852706	0.164341331129999	1	0	0.581216660653414	1	2	0.418783339346586	0.000441790494503436	0.000423360974590567	0.580371180574081	0.58198956908382	0	0	0.98431072676574	1	0	0.0156892732342598	0.0001002967645643	9.80402492589691e-05	0.984110262538831	0.984509134334054	0	0	0.99215536338287	2	0	0.00784463661713009	5.01483822822335e-05	5.08246910922136e-05	0.992054824554661	0.992261877107589	NA	NA	NA	NA	NA	NA	NA	NA	NA	NA	NA	NA	NA	NA	NA	NA	NA	NA	NA	NA
16	83807	89996871	0.501318058600579	1	0.274308714075582	2.01741643546419	1	1	1	NA	NA	NA	NA	NA	NA	NA	NA	NA	NA	NA	NA	NA	NA	NA	NA	NA	NA	NA	NA	NA	NA	NA	NA	NA	NA	NA	NA	NA	NA	NA	NA	NA	NA	NA	NA	NA	NA	NA	NA	NA	NA	NA	NA	NA	NA	NA	NA	NA	NA	NA	NA	NA	NA	NA	NA	NA
17	41362	215847	0.907606489924143	0.193225821950521	-0.625471539143053	0.998164056322701	1	0	1	NA	NA	NA	NA	NA	NA	NA	NA	NA	NA	NA	NA	NA	NA	NA	NA	NA	NA	NA	NA	NA	NA	NA	NA	NA	NA	NA	NA	NA	NA	NA	NA	NA	NA	NA	NA	NA	NA	NA	NA	NA	NA	NA	NA	NA	NA	NA	NA	NA	NA	NA	NA	NA	NA	NA	NA	NA
17	216170	230971	0.507971616826381	1	-0.645435846872713	0.981985060974901	0	0	1	NA	NA	NA	NA	NA	NA	NA	NA	NA	NA	NA	NA	NA	NA	NA	NA	NA	NA	NA	NA	NA	NA	NA	NA	NA	NA	NA	NA	NA	NA	NA	NA	NA	NA	NA	NA	NA	NA	NA	NA	NA	NA	NA	NA	NA	NA	NA	NA	NA	NA	NA	NA	NA	NA	NA	NA	NA
17	237120	16591889	0.923675366480107	1	-0.643429427923648	1.12518827014126	1	0	1	NA	NA	NA	NA	NA	NA	NA	NA	NA	NA	NA	NA	NA	NA	NA	NA	NA	NA	NA	NA	NA	NA	NA	NA	NA	NA	NA	NA	NA	NA	NA	NA	NA	NA	NA	NA	NA	NA	NA	NA	NA	NA	NA	NA	NA	NA	NA	NA	NA	NA	NA	NA	NA	NA	NA	NA	NA
17	16594966	16756796	0.517130316095366	0.780999438329149	-0.670536029220191	0.961959102938003	0	0	1	NA	NA	NA	NA	NA	NA	NA	NA	NA	NA	NA	NA	NA	NA	NA	NA	NA	NA	NA	NA	NA	NA	NA	NA	NA	NA	NA	NA	NA	NA	NA	NA	NA	NA	NA	NA	NA	NA	NA	NA	NA	NA	NA	NA	NA	NA	NA	NA	NA	NA	NA	NA	NA	NA	NA	NA	NA
17	16757300	19818087	0.927966231326218	1	-0.644083451412547	1.20288124590112	1	0	1	NA	NA	NA	NA	NA	NA	NA	NA	NA	NA	NA	NA	NA	NA	NA	NA	NA	NA	NA	NA	NA	NA	NA	NA	NA	NA	NA	NA	NA	NA	NA	NA	NA	NA	NA	NA	NA	NA	NA	NA	NA	NA	NA	NA	NA	NA	NA	NA	NA	NA	NA	NA	NA	NA	NA	NA	NA
17	19820196	19938217	0.811658703915472	0.000759861520299673	-0.640596778940545	0.985886089953789	0	0	0.703636016502881	1	0	0.296363983497119	0.0835007382802563	0.0857648006595085	0.492519174801518	0.826561290109323	0	0	0.85181800825144	2	0	0.14818199174856	0.0417503691401282	0.0428824003297543	0.746259587400758	0.913280645054661	1	0	0.836724822045759	1	1	0.163275177954241	0.0531968322993579	0.0533083725866981	0.715397871999369	0.925741400397819	1	0	0.91836241102288	1	2	0.0816375889771204	0.026598416149679	0.0266541862933491	0.857698935999684	0.96287070019891	NA	NA	NA	NA	NA	NA	NA	NA	NA	NA	NA	NA	NA	NA	NA	NA	NA	NA	NA	NA
17	19939059	19941948	0.619858807503823	0.360896441488032	-0.619974078231032	1.00265863120446	1	1	1	NA	NA	NA	NA	NA	NA	NA	NA	NA	NA	NA	NA	NA	NA	NA	NA	NA	NA	NA	NA	NA	NA	NA	NA	NA	NA	NA	NA	NA	NA	NA	NA	NA	NA	NA	NA	NA	NA	NA	NA	NA	NA	NA	NA	NA	NA	NA	NA	NA	NA	NA	NA	NA	NA	NA	NA	NA
17	19942024	21286227	0.862067297514353	2.16595653379298e-08	-0.645233598341077	0.982147842352947	0	0	0.529874538045528	1	0	0.470125461954472	0.0514600776061296	0.0505390423612165	0.419820202919253	0.625624486854049	0	0	0.764937269022764	2	0	0.235062730977236	0.0257300388030651	0.0252695211806083	0.709910101459626	0.812812243427024	1	0	0.915218884625725	1	1	0.0847811153742746	0.0159321171215819	0.0158587926294425	0.879220792712204	0.943335087578378	1	0	0.957609442312863	1	2	0.0423905576871374	0.00796605856079091	0.00792939631472122	0.939610396356102	0.971667543789189	NA	NA	NA	NA	NA	NA	NA	NA	NA	NA	NA	NA	NA	NA	NA	NA	NA	NA	NA	NA
17	21286675	51126369	0.927171126655685	1	-0.645090970646501	1.18779356948204	1	0	1	NA	NA	NA	NA	NA	NA	NA	NA	NA	NA	NA	NA	NA	NA	NA	NA	NA	NA	NA	NA	NA	NA	NA	NA	NA	NA	NA	NA	NA	NA	NA	NA	NA	NA	NA	NA	NA	NA	NA	NA	NA	NA	NA	NA	NA	NA	NA	NA	NA	NA	NA	NA	NA	NA	NA	NA	NA
17	51127881	51657747	0.842869842128451	2.62304265055854e-08	-0.644141350602593	0.983027341350505	0	0	0.609193787701166	1	0	0.390806212298834	0.0522335543727158	0.0523341412765978	0.49103503775794	0.696853179185448	0	0	0.804596893850583	2	0	0.195403106149417	0.0261167771863581	0.0261670706382989	0.745517518878969	0.848426589592724	1	0	0.886432387005177	1	1	0.113567612994823	0.0219106071635655	0.0216450491522742	0.840495102805744	0.926095273347197	1	0	0.943216193502589	1	2	0.0567838064974113	0.0109553035817826	0.0108225245761371	0.920247551402872	0.963047636673598	NA	NA	NA	NA	NA	NA	NA	NA	NA	NA	NA	NA	NA	NA	NA	NA	NA	NA	NA	NA
17	51661767	60453926	0.921570592050447	1	-0.64590668961645	0.981606187748327	1	0	1	NA	NA	NA	NA	NA	NA	NA	NA	NA	NA	NA	NA	NA	NA	NA	NA	NA	NA	NA	NA	NA	NA	NA	NA	NA	NA	NA	NA	NA	NA	NA	NA	NA	NA	NA	NA	NA	NA	NA	NA	NA	NA	NA	NA	NA	NA	NA	NA	NA	NA	NA	NA	NA	NA	NA	NA	NA
17	60491298	60632384	0.663547264426119	0.00219958951606524	-0.64735167621267	0.980444221512794	0	0	0.912941548401757	1	0	0.0870584515982425	0.0401889441718556	0.0425986271795412	0.805873615116224	0.971940649041803	0	0	0.956470774200879	2	0	0.0435292257991213	0.0200944720859279	0.0212993135897706	0.902936807558112	0.985970324520901	1	0	0.537091481125342	1	1	0.462908518874658	0.123668586735255	0.128190418246536	0.257031471771089	0.745130362098146	1	0	0.768545740562671	1	2	0.231454259437329	0.0618342933676277	0.064095209123268	0.628515735885544	0.872565181049073	NA	NA	NA	NA	NA	NA	NA	NA	NA	NA	NA	NA	NA	NA	NA	NA	NA	NA	NA	NA
17	60633128	76472117	0.926482603446945	1	-0.646806184397694	1.17499201648407	1	0	1	NA	NA	NA	NA	NA	NA	NA	NA	NA	NA	NA	NA	NA	NA	NA	NA	NA	NA	NA	NA	NA	NA	NA	NA	NA	NA	NA	NA	NA	NA	NA	NA	NA	NA	NA	NA	NA	NA	NA	NA	NA	NA	NA	NA	NA	NA	NA	NA	NA	NA	NA	NA	NA	NA	NA	NA	NA
17	76472297	76478309	0.671835292048917	0.0312880291357537	-0.570908923076536	1.04354069446372	1	0	0.557347932226775	1	1	0.442652067773225	0.185308210115906	0.20124305902054	0.0783931662896162	0.841924825640741	1	0	0.778673966113388	1	2	0.221326033886612	0.0926541050579533	0.10062152951027	0.539196583144808	0.92096241282037	0	0	0.906219572132696	1	0	0.0937804278673038	0.0665723991571276	0.0768767416716373	0.685814478315299	0.992949132455505	0	0	0.953109786066348	2	0	0.0468902139336519	0.0332861995785637	0.0384383708358187	0.842907239157649	0.996474566227752	NA	NA	NA	NA	NA	NA	NA	NA	NA	NA	NA	NA	NA	NA	NA	NA	NA	NA	NA	NA
17	76478517	79998834	0.918001639493431	1	-0.647298096827259	0.980487285870262	1	0	1	NA	NA	NA	NA	NA	NA	NA	NA	NA	NA	NA	NA	NA	NA	NA	NA	NA	NA	NA	NA	NA	NA	NA	NA	NA	NA	NA	NA	NA	NA	NA	NA	NA	NA	NA	NA	NA	NA	NA	NA	NA	NA	NA	NA	NA	NA	NA	NA	NA	NA	NA	NA	NA	NA	NA	NA	NA
18	125371	77999957	0.500775135654256	1	0.274237158582277	2.01730749434995	1	1	1	NA	NA	NA	NA	NA	NA	NA	NA	NA	NA	NA	NA	NA	NA	NA	NA	NA	NA	NA	NA	NA	NA	NA	NA	NA	NA	NA	NA	NA	NA	NA	NA	NA	NA	NA	NA	NA	NA	NA	NA	NA	NA	NA	NA	NA	NA	NA	NA	NA	NA	NA	NA	NA	NA	NA	NA	NA
19	226776	59097308	0.50168706464321	1	0.276019465953602	2.02002261390353	1	1	1	NA	NA	NA	NA	NA	NA	NA	NA	NA	NA	NA	NA	NA	NA	NA	NA	NA	NA	NA	NA	NA	NA	NA	NA	NA	NA	NA	NA	NA	NA	NA	NA	NA	NA	NA	NA	NA	NA	NA	NA	NA	NA	NA	NA	NA	NA	NA	NA	NA	NA	NA	NA	NA	NA	NA	NA	NA
20	20000786	62884632	0.501641214069413	1	0.274725155910974	2.01805056303652	1	1	1	NA	NA	NA	NA	NA	NA	NA	NA	NA	NA	NA	NA	NA	NA	NA	NA	NA	NA	NA	NA	NA	NA	NA	NA	NA	NA	NA	NA	NA	NA	NA	NA	NA	NA	NA	NA	NA	NA	NA	NA	NA	NA	NA	NA	NA	NA	NA	NA	NA	NA	NA	NA	NA	NA	NA	NA	NA
21	15273817	48097610	0.501049694710413	1	0.275726918272554	2.01957672443139	1	1	1	NA	NA	NA	NA	NA	NA	NA	NA	NA	NA	NA	NA	NA	NA	NA	NA	NA	NA	NA	NA	NA	NA	NA	NA	NA	NA	NA	NA	NA	NA	NA	NA	NA	NA	NA	NA	NA	NA	NA	NA	NA	NA	NA	NA	NA	NA	NA	NA	NA	NA	NA	NA	NA	NA	NA	NA	NA
22	16600330	23055852	0.50115955940362	1	0.275143005404486	2.01868701808919	1	1	1	NA	NA	NA	NA	NA	NA	NA	NA	NA	NA	NA	NA	NA	NA	NA	NA	NA	NA	NA	NA	NA	NA	NA	NA	NA	NA	NA	NA	NA	NA	NA	NA	NA	NA	NA	NA	NA	NA	NA	NA	NA	NA	NA	NA	NA	NA	NA	NA	NA	NA	NA	NA	NA	NA	NA	NA	NA
22	23102474	23227573	0.892715868631408	2.58006526452093e-14	0.29464521104577	2.04859817163743	2	0	0.838432941399262	2	1	0.161567058600738	0.0160809695676658	0.0163524988758718	0.804765632550889	0.870285424114756	2	0	0.919216470699631	2	2	0.0807835293003689	0.0080404847838329	0.00817624943793589	0.902382816275445	0.935142712057378	1	0	0.958610183832586	1	1	0.0413898161674141	0.00838506580595388	0.00852664875640804	0.941055110488587	0.975218956240778	1	0	0.979305091916293	1	2	0.020694908083707	0.004192532902977	0.00426332437820403	0.970527555244294	0.987609478120389	NA	NA	NA	NA	NA	NA	NA	NA	NA	NA	NA	NA	NA	NA	NA	NA	NA	NA	NA	NA
22	23254219	49999704	0.501840998540546	1	0.274501923027478	2.0177106173507	1	1	1	NA	NA	NA	NA	NA	NA	NA	NA	NA	NA	NA	NA	NA	NA	NA	NA	NA	NA	NA	NA	NA	NA	NA	NA	NA	NA	NA	NA	NA	NA	NA	NA	NA	NA	NA	NA	NA	NA	NA	NA	NA	NA	NA	NA	NA	NA	NA	NA	NA	NA	NA	NA	NA	NA	NA	NA	NA
