chr	startpos	endpos	BAF	pval	LogR	ntot	nMaj1_A	nMin1_A	frac1_A	nMaj2_A	nMin2_A	frac2_A	SDfrac_A	SDfrac_A_BS	frac1_A_0.025	frac1_A_0.975	nMaj1_B	nMin1_B	frac1_B	nMaj2_B	nMin2_B	frac2_B	SDfrac_B	SDfrac_B_BS	frac1_B_0.025	frac1_B_0.975	nMaj1_C	nMin1_C	frac1_C	nMaj2_C	nMin2_C	frac2_C	SDfrac_C	SDfrac_C_BS	frac1_C_0.025	frac1_C_0.975	nMaj1_D	nMin1_D	frac1_D	nMaj2_D	nMin2_D	frac2_D	SDfrac_D	SDfrac_D_BS	frac1_D_0.025	frac1_D_0.975	nMaj1_E	nMin1_E	frac1_E	nMaj2_E	nMin2_E	frac2_E	SDfrac_E	SDfrac_E_BS	frac1_E_0.025	frac1_E_0.975	nMaj1_F	nMin1_F	frac1_F	nMaj2_F	nMin2_F	frac2_F	SDfrac_F	SDfrac_F_BS	frac1_F_0.025	frac1_F_0.975
1	811735	249223191	0.579019087836422	1	0.297575519392688	2.99468181882988	2	1	1	NA	NA	NA	NA	NA	NA	NA	NA	NA	NA	NA	NA	NA	NA	NA	NA	NA	NA	NA	NA	NA	NA	NA	NA	NA	NA	NA	NA	NA	NA	NA	NA	NA	NA	NA	NA	NA	NA	NA	NA	NA	NA	NA	NA	NA	NA	NA	NA	NA	NA	NA	NA	NA	NA	NA	NA	NA
2	23368	242985695	0.575895697882992	0	-0.191459660975065	1.37080954508644	1	0	0.61328474427045	1	1	0.38671525572955	0.00124162868643846	0.00126038755834343	0.610709080336055	0.615778552059151	1	0	0.806642372135225	1	2	0.193357627864775	0.000620814343219145	0.000619289674372809	0.80533526627998	0.807722653518165	0	0	0.525124718067409	1	0	0.474875281932591	0.00130551038730153	0.00130669750564087	0.522594258555002	0.52769001520648	0	0	0.762562359033705	2	0	0.237437640966295	0.000652755193650767	0.000663870087823232	0.761259821563399	0.763887555537789	NA	NA	NA	NA	NA	NA	NA	NA	NA	NA	NA	NA	NA	NA	NA	NA	NA	NA	NA	NA
3	60596	197846280	0.50101738365936	1	0.0268139240258051	2.02815876278014	1	1	1	NA	NA	NA	NA	NA	NA	NA	NA	NA	NA	NA	NA	NA	NA	NA	NA	NA	NA	NA	NA	NA	NA	NA	NA	NA	NA	NA	NA	NA	NA	NA	NA	NA	NA	NA	NA	NA	NA	NA	NA	NA	NA	NA	NA	NA	NA	NA	NA	NA	NA	NA	NA	NA	NA	NA	NA	NA
4	109541	190781263	0.571509487943038	0	0.266888654179883	2.87580873708192	1	1	0.223375127545497	2	1	0.776624872454503	0.0019564405105645	0.00199133547794586	0.219590220353031	0.227370632590269	0	1	0.111687563772749	2	1	0.888312436227251	0.000978220255282235	0.000983853823669214	0.109784446419363	0.113656886985058	1	1	0.611687563772748	3	1	0.388312436227252	0.000978220255282103	0.00100697159128374	0.609714443077267	0.613694526235082	2	1	0.832524000384926	2	2	0.167475999615074	0.00157242468998037	0.00161463125642449	0.829251026996141	0.835605625395475	2	0	0.416262000192463	2	2	0.583737999807537	0.000786212344990184	0.000805856598697619	0.414563613080207	0.417850761777613	2	1	0.916262000192463	2	3	0.0837379998075368	0.000786212344990322	0.000788133326132955	0.914722960148648	0.917768765092163
5	859234	180742812	0.643619780555425	1	-0.35191017053357	1.0974490146508	1	0	1	NA	NA	NA	NA	NA	NA	NA	NA	NA	NA	NA	NA	NA	NA	NA	NA	NA	NA	NA	NA	NA	NA	NA	NA	NA	NA	NA	NA	NA	NA	NA	NA	NA	NA	NA	NA	NA	NA	NA	NA	NA	NA	NA	NA	NA	NA	NA	NA	NA	NA	NA	NA	NA	NA	NA	NA	NA
6	203397	170898626	0.50118469199441	1	0.0269971750138616	2.0287534768152	1	1	1	NA	NA	NA	NA	NA	NA	NA	NA	NA	NA	NA	NA	NA	NA	NA	NA	NA	NA	NA	NA	NA	NA	NA	NA	NA	NA	NA	NA	NA	NA	NA	NA	NA	NA	NA	NA	NA	NA	NA	NA	NA	NA	NA	NA	NA	NA	NA	NA	NA	NA	NA	NA	NA	NA	NA	NA	NA
7	80500	159122659	0.622663089129506	0	-0.304761935900867	1.06684430257166	1	0	0.916747243470525	1	1	0.0832527565294747	0.00129915141755466	0.00129621745484955	0.91413630427725	0.919221285937156	1	0	0.958373621735263	1	2	0.0416263782647374	0.000649575708777328	0.000637716259469832	0.957152637492246	0.959685817550172	0	0	0.137379665401938	1	0	0.862620334598062	0.00201722235781338	0.0019328498829338	0.133801930511861	0.141249154078302	0	0	0.568689832700969	2	0	0.431310167299031	0.00100861117890666	0.001033681813467	0.566806972672818	0.570783315177894	NA	NA	NA	NA	NA	NA	NA	NA	NA	NA	NA	NA	NA	NA	NA	NA	NA	NA	NA	NA
8	143207	146273484	0.588617035416336	1	0.327200491571232	3.11186525440489	2	1	1	NA	NA	NA	NA	NA	NA	NA	NA	NA	NA	NA	NA	NA	NA	NA	NA	NA	NA	NA	NA	NA	NA	NA	NA	NA	NA	NA	NA	NA	NA	NA	NA	NA	NA	NA	NA	NA	NA	NA	NA	NA	NA	NA	NA	NA	NA	NA	NA	NA	NA	NA	NA	NA	NA	NA	NA	NA
9	203761	141069765	0.622702149279037	0	-0.305066890433058	1.06605796469831	1	0	0.916981644360475	1	1	0.0830183556395251	0.00150848582050273	0.00153057755720977	0.913805440462147	0.919947217167549	1	0	0.958490822180238	1	2	0.0415091778197625	0.000754242910251279	0.000744578569550612	0.957021576399322	0.959860539721149	0	0	0.137015645298696	1	0	0.862984354701304	0.00234303981062682	0.00240345462000885	0.132046416131367	0.141892583000298	0	0	0.568507822649348	2	0	0.431492177350652	0.00117151990531339	0.00112641606143792	0.566420173461699	0.570921819987523	NA	NA	NA	NA	NA	NA	NA	NA	NA	NA	NA	NA	NA	NA	NA	NA	NA	NA	NA	NA
10	202805	135216590	0.501506535306748	1	0.0270428202905234	2.02890162357549	1	1	1	NA	NA	NA	NA	NA	NA	NA	NA	NA	NA	NA	NA	NA	NA	NA	NA	NA	NA	NA	NA	NA	NA	NA	NA	NA	NA	NA	NA	NA	NA	NA	NA	NA	NA	NA	NA	NA	NA	NA	NA	NA	NA	NA	NA	NA	NA	NA	NA	NA	NA	NA	NA	NA	NA	NA	NA	NA
11	247630	134946288	0.501112275514322	1	0.0269747630145447	2.0286807379248	1	1	1	NA	NA	NA	NA	NA	NA	NA	NA	NA	NA	NA	NA	NA	NA	NA	NA	NA	NA	NA	NA	NA	NA	NA	NA	NA	NA	NA	NA	NA	NA	NA	NA	NA	NA	NA	NA	NA	NA	NA	NA	NA	NA	NA	NA	NA	NA	NA	NA	NA	NA	NA	NA	NA	NA	NA	NA	NA
12	188285	133820866	0.501226762073193	1	0.0267783755753477	2.02804340427896	1	1	1	NA	NA	NA	NA	NA	NA	NA	NA	NA	NA	NA	NA	NA	NA	NA	NA	NA	NA	NA	NA	NA	NA	NA	NA	NA	NA	NA	NA	NA	NA	NA	NA	NA	NA	NA	NA	NA	NA	NA	NA	NA	NA	NA	NA	NA	NA	NA	NA	NA	NA	NA	NA	NA	NA	NA	NA	NA
13	19589846	114999838	0.64418203006343	1	-0.352073400630327	1.10337627058826	1	0	1	NA	NA	NA	NA	NA	NA	NA	NA	NA	NA	NA	NA	NA	NA	NA	NA	NA	NA	NA	NA	NA	NA	NA	NA	NA	NA	NA	NA	NA	NA	NA	NA	NA	NA	NA	NA	NA	NA	NA	NA	NA	NA	NA	NA	NA	NA	NA	NA	NA	NA	NA	NA	NA	NA	NA	NA	NA
14	20428592	107239333	0.640731570968444	1	-0.35260555862262	1.06729382083625	1	0	1	NA	NA	NA	NA	NA	NA	NA	NA	NA	NA	NA	NA	NA	NA	NA	NA	NA	NA	NA	NA	NA	NA	NA	NA	NA	NA	NA	NA	NA	NA	NA	NA	NA	NA	NA	NA	NA	NA	NA	NA	NA	NA	NA	NA	NA	NA	NA	NA	NA	NA	NA	NA	NA	NA	NA	NA	NA
15	20001774	102431166	0.642039627087902	1	-0.353386938546524	1.08089067485683	1	0	1	NA	NA	NA	NA	NA	NA	NA	NA	NA	NA	NA	NA	NA	NA	NA	NA	NA	NA	NA	NA	NA	NA	NA	NA	NA	NA	NA	NA	NA	NA	NA	NA	NA	NA	NA	NA	NA	NA	NA	NA	NA	NA	NA	NA	NA	NA	NA	NA	NA	NA	NA	NA	NA	NA	NA	NA	NA
16	83807	89996871	0.513734040115748	0	0.0906129720029228	2.23984205407412	1	1	0.868564318926971	2	1	0.131435681073029	0.00251315528216567	0.00254739631403227	0.863164931827315	0.873518606465327	0	1	0.434282159463485	2	1	0.565717840536515	0.00125657764108289	0.00126122344380665	0.4316663628068	0.436721348584728	1	1	0.934282159463485	3	1	0.0657178405365147	0.00125657764108283	0.00123575388474848	0.931839726188713	0.936914526317967	2	1	0.177875652995321	2	2	0.822124347004679	0.00321927490450036	0.00322922120052095	0.17187256284457	0.184128607350603	2	0	0.0889378264976605	2	2	0.91106217350234	0.00160963745225018	0.00164114187827844	0.0858165068796286	0.0919968864990233	2	1	0.58893782649766	2	3	0.41106217350234	0.00160963745225001	0.00157521178873022	0.585938767775939	0.592036034256974
17	41362	79998834	0.712830951221759	1	-0.00953500599063452	2.00149607711414	2	0	1	NA	NA	NA	NA	NA	NA	NA	NA	NA	NA	NA	NA	NA	NA	NA	NA	NA	NA	NA	NA	NA	NA	NA	NA	NA	NA	NA	NA	NA	NA	NA	NA	NA	NA	NA	NA	NA	NA	NA	NA	NA	NA	NA	NA	NA	NA	NA	NA	NA	NA	NA	NA	NA	NA	NA	NA	NA
18	125371	77999957	0.723182479884388	1	0.0265369234164803	2.17557225818683	2	0	1	NA	NA	NA	NA	NA	NA	NA	NA	NA	NA	NA	NA	NA	NA	NA	NA	NA	NA	NA	NA	NA	NA	NA	NA	NA	NA	NA	NA	NA	NA	NA	NA	NA	NA	NA	NA	NA	NA	NA	NA	NA	NA	NA	NA	NA	NA	NA	NA	NA	NA	NA	NA	NA	NA	NA	NA	NA
19	226776	59097308	0.501875058237674	1	0.0278983332589616	2.03167915228307	1	1	1	NA	NA	NA	NA	NA	NA	NA	NA	NA	NA	NA	NA	NA	NA	NA	NA	NA	NA	NA	NA	NA	NA	NA	NA	NA	NA	NA	NA	NA	NA	NA	NA	NA	NA	NA	NA	NA	NA	NA	NA	NA	NA	NA	NA	NA	NA	NA	NA	NA	NA	NA	NA	NA	NA	NA	NA	NA
20	20000786	62884632	0.501763199809962	1	0.0264984723919663	2.02713518798685	1	1	1	NA	NA	NA	NA	NA	NA	NA	NA	NA	NA	NA	NA	NA	NA	NA	NA	NA	NA	NA	NA	NA	NA	NA	NA	NA	NA	NA	NA	NA	NA	NA	NA	NA	NA	NA	NA	NA	NA	NA	NA	NA	NA	NA	NA	NA	NA	NA	NA	NA	NA	NA	NA	NA	NA	NA	NA	NA
21	15273817	48097610	0.501575874907382	1	0.0277743744581153	2.03127660265562	1	1	1	NA	NA	NA	NA	NA	NA	NA	NA	NA	NA	NA	NA	NA	NA	NA	NA	NA	NA	NA	NA	NA	NA	NA	NA	NA	NA	NA	NA	NA	NA	NA	NA	NA	NA	NA	NA	NA	NA	NA	NA	NA	NA	NA	NA	NA	NA	NA	NA	NA	NA	NA	NA	NA	NA	NA	NA	NA
22	16600330	23055852	0.501714968582048	1	0.0277040825562531	2.03104834880171	1	1	1	NA	NA	NA	NA	NA	NA	NA	NA	NA	NA	NA	NA	NA	NA	NA	NA	NA	NA	NA	NA	NA	NA	NA	NA	NA	NA	NA	NA	NA	NA	NA	NA	NA	NA	NA	NA	NA	NA	NA	NA	NA	NA	NA	NA	NA	NA	NA	NA	NA	NA	NA	NA	NA	NA	NA	NA	NA
22	23102474	23227573	0.891491573760822	1	0.032272518364043	9.66617229312001	10	0	1	NA	NA	NA	NA	NA	NA	NA	NA	NA	NA	NA	NA	NA	NA	NA	NA	NA	NA	NA	NA	NA	NA	NA	NA	NA	NA	NA	NA	NA	NA	NA	NA	NA	NA	NA	NA	NA	NA	NA	NA	NA	NA	NA	NA	NA	NA	NA	NA	NA	NA	NA	NA	NA	NA	NA	NA	NA
22	23254219	49999704	0.501386135367322	1	0.0263425693773369	2.02662939783659	1	1	1	NA	NA	NA	NA	NA	NA	NA	NA	NA	NA	NA	NA	NA	NA	NA	NA	NA	NA	NA	NA	NA	NA	NA	NA	NA	NA	NA	NA	NA	NA	NA	NA	NA	NA	NA	NA	NA	NA	NA	NA	NA	NA	NA	NA	NA	NA	NA	NA	NA	NA	NA	NA	NA	NA	NA	NA	NA
