chr	startpos	endpos	BAF	pval	LogR	ntot	nMaj1_A	nMin1_A	frac1_A	nMaj2_A	nMin2_A	frac2_A	SDfrac_A	SDfrac_A_BS	frac1_A_0.025	frac1_A_0.975	nMaj1_B	nMin1_B	frac1_B	nMaj2_B	nMin2_B	frac2_B	SDfrac_B	SDfrac_B_BS	frac1_B_0.025	frac1_B_0.975	nMaj1_C	nMin1_C	frac1_C	nMaj2_C	nMin2_C	frac2_C	SDfrac_C	SDfrac_C_BS	frac1_C_0.025	frac1_C_0.975	nMaj1_D	nMin1_D	frac1_D	nMaj2_D	nMin2_D	frac2_D	SDfrac_D	SDfrac_D_BS	frac1_D_0.025	frac1_D_0.975	nMaj1_E	nMin1_E	frac1_E	nMaj2_E	nMin2_E	frac2_E	SDfrac_E	SDfrac_E_BS	frac1_E_0.025	frac1_E_0.975	nMaj1_F	nMin1_F	frac1_F	nMaj2_F	nMin2_F	frac2_F	SDfrac_F	SDfrac_F_BS	frac1_F_0.025	frac1_F_0.975
1	811735	249223191	0.501547009462677	1	0.566192613671625	4.73405307406977	2	2	1	NA	NA	NA	NA	NA	NA	NA	NA	NA	NA	NA	NA	NA	NA	NA	NA	NA	NA	NA	NA	NA	NA	NA	NA	NA	NA	NA	NA	NA	NA	NA	NA	NA	NA	NA	NA	NA	NA	NA	NA	NA	NA	NA	NA	NA	NA	NA	NA	NA	NA	NA	NA	NA	NA	NA	NA	NA
2	23368	24694044	0.939999182371239	1	-0.37502574342764	2.72380152839082	3	0	1	NA	NA	NA	NA	NA	NA	NA	NA	NA	NA	NA	NA	NA	NA	NA	NA	NA	NA	NA	NA	NA	NA	NA	NA	NA	NA	NA	NA	NA	NA	NA	NA	NA	NA	NA	NA	NA	NA	NA	NA	NA	NA	NA	NA	NA	NA	NA	NA	NA	NA	NA	NA	NA	NA	NA	NA	NA
2	24774503	25448626	0.66184709938664	0.8739064237742	-0.375585733973493	2.29733152522616	2	1	1	NA	NA	NA	NA	NA	NA	NA	NA	NA	NA	NA	NA	NA	NA	NA	NA	NA	NA	NA	NA	NA	NA	NA	NA	NA	NA	NA	NA	NA	NA	NA	NA	NA	NA	NA	NA	NA	NA	NA	NA	NA	NA	NA	NA	NA	NA	NA	NA	NA	NA	NA	NA	NA	NA	NA	NA	NA
2	25488819	26367863	0.929047132250873	1	-0.375671370920257	2.29717446372943	2	0	1	NA	NA	NA	NA	NA	NA	NA	NA	NA	NA	NA	NA	NA	NA	NA	NA	NA	NA	NA	NA	NA	NA	NA	NA	NA	NA	NA	NA	NA	NA	NA	NA	NA	NA	NA	NA	NA	NA	NA	NA	NA	NA	NA	NA	NA	NA	NA	NA	NA	NA	NA	NA	NA	NA	NA	NA	NA
2	26370382	26376229	0.755005815885397	0.168858033647343	-0.435875078200501	2.18903384428618	2	1	1	NA	NA	NA	NA	NA	NA	NA	NA	NA	NA	NA	NA	NA	NA	NA	NA	NA	NA	NA	NA	NA	NA	NA	NA	NA	NA	NA	NA	NA	NA	NA	NA	NA	NA	NA	NA	NA	NA	NA	NA	NA	NA	NA	NA	NA	NA	NA	NA	NA	NA	NA	NA	NA	NA	NA	NA	NA
2	26379785	43791363	0.939024353936142	1	-0.375375360241413	2.67468080857835	3	0	1	NA	NA	NA	NA	NA	NA	NA	NA	NA	NA	NA	NA	NA	NA	NA	NA	NA	NA	NA	NA	NA	NA	NA	NA	NA	NA	NA	NA	NA	NA	NA	NA	NA	NA	NA	NA	NA	NA	NA	NA	NA	NA	NA	NA	NA	NA	NA	NA	NA	NA	NA	NA	NA	NA	NA	NA	NA
2	43795076	43808065	0.738654209369088	0.183739447094455	-0.349320229545265	2.34594610572125	2	1	1	NA	NA	NA	NA	NA	NA	NA	NA	NA	NA	NA	NA	NA	NA	NA	NA	NA	NA	NA	NA	NA	NA	NA	NA	NA	NA	NA	NA	NA	NA	NA	NA	NA	NA	NA	NA	NA	NA	NA	NA	NA	NA	NA	NA	NA	NA	NA	NA	NA	NA	NA	NA	NA	NA	NA	NA	NA
2	43817505	87066850	0.938330011609795	1	-0.377177400122461	2.64064050100081	3	0	1	NA	NA	NA	NA	NA	NA	NA	NA	NA	NA	NA	NA	NA	NA	NA	NA	NA	NA	NA	NA	NA	NA	NA	NA	NA	NA	NA	NA	NA	NA	NA	NA	NA	NA	NA	NA	NA	NA	NA	NA	NA	NA	NA	NA	NA	NA	NA	NA	NA	NA	NA	NA	NA	NA	NA	NA	NA
2	87066973	87118597	0.583539882352959	0.377742825640433	-0.398136222137434	2.2562933890075	2	1	1	NA	NA	NA	NA	NA	NA	NA	NA	NA	NA	NA	NA	NA	NA	NA	NA	NA	NA	NA	NA	NA	NA	NA	NA	NA	NA	NA	NA	NA	NA	NA	NA	NA	NA	NA	NA	NA	NA	NA	NA	NA	NA	NA	NA	NA	NA	NA	NA	NA	NA	NA	NA	NA	NA	NA	NA	NA
2	87123623	98164409	0.903014057036502	0.000217352533903108	-0.38731969910444	2.27589762034306	2	0	0.94082207377948	2	1	0.0591779262205196	0.0163316855558997	0.0162030558527113	0.907461493965177	0.969267816994288	2	0	0.97041103688974	2	2	0.0295889631102598	0.00816584277794974	0.00810152792635563	0.953730746982588	0.984633908497144	3	0	0.833419600686443	3	1	0.166580399313557	0.023842740966059	0.0236549535706206	0.784716258935986	0.874947738412109	3	0	0.916709800343221	3	2	0.0832901996567788	0.0119213704830293	0.0118274767853103	0.892358129467993	0.937473869206055	NA	NA	NA	NA	NA	NA	NA	NA	NA	NA	NA	NA	NA	NA	NA	NA	NA	NA	NA	NA
2	98166928	98257657	0.666359443031387	0.692277833559131	-0.341161532991334	2.36122801146895	2	1	1	NA	NA	NA	NA	NA	NA	NA	NA	NA	NA	NA	NA	NA	NA	NA	NA	NA	NA	NA	NA	NA	NA	NA	NA	NA	NA	NA	NA	NA	NA	NA	NA	NA	NA	NA	NA	NA	NA	NA	NA	NA	NA	NA	NA	NA	NA	NA	NA	NA	NA	NA	NA	NA	NA	NA	NA	NA
2	98262973	106984969	0.940228388443905	1	-0.375737900029914	2.73558366620953	3	0	1	NA	NA	NA	NA	NA	NA	NA	NA	NA	NA	NA	NA	NA	NA	NA	NA	NA	NA	NA	NA	NA	NA	NA	NA	NA	NA	NA	NA	NA	NA	NA	NA	NA	NA	NA	NA	NA	NA	NA	NA	NA	NA	NA	NA	NA	NA	NA	NA	NA	NA	NA	NA	NA	NA	NA	NA	NA
2	106985900	107101235	0.559668547080946	0.265521503094731	-0.421719553539704	2.21405635460577	1	1	1	NA	NA	NA	NA	NA	NA	NA	NA	NA	NA	NA	NA	NA	NA	NA	NA	NA	NA	NA	NA	NA	NA	NA	NA	NA	NA	NA	NA	NA	NA	NA	NA	NA	NA	NA	NA	NA	NA	NA	NA	NA	NA	NA	NA	NA	NA	NA	NA	NA	NA	NA	NA	NA	NA	NA	NA	NA
2	107102057	108461970	0.945771859883261	1	-0.37840948723478	3.050875158475	3	0	1	NA	NA	NA	NA	NA	NA	NA	NA	NA	NA	NA	NA	NA	NA	NA	NA	NA	NA	NA	NA	NA	NA	NA	NA	NA	NA	NA	NA	NA	NA	NA	NA	NA	NA	NA	NA	NA	NA	NA	NA	NA	NA	NA	NA	NA	NA	NA	NA	NA	NA	NA	NA	NA	NA	NA	NA	NA
2	108474753	108540232	0.653554060453427	1	-0.402473502894779	2.24847354758164	2	1	1	NA	NA	NA	NA	NA	NA	NA	NA	NA	NA	NA	NA	NA	NA	NA	NA	NA	NA	NA	NA	NA	NA	NA	NA	NA	NA	NA	NA	NA	NA	NA	NA	NA	NA	NA	NA	NA	NA	NA	NA	NA	NA	NA	NA	NA	NA	NA	NA	NA	NA	NA	NA	NA	NA	NA	NA	NA
2	108540987	112012682	0.923800099015262	1	-0.372987982681881	2.3021003358366	2	0	1	NA	NA	NA	NA	NA	NA	NA	NA	NA	NA	NA	NA	NA	NA	NA	NA	NA	NA	NA	NA	NA	NA	NA	NA	NA	NA	NA	NA	NA	NA	NA	NA	NA	NA	NA	NA	NA	NA	NA	NA	NA	NA	NA	NA	NA	NA	NA	NA	NA	NA	NA	NA	NA	NA	NA	NA	NA
2	112017145	112611915	0.718952503553767	0.00137130710329626	-0.393336197055607	2.26497497868963	2	0	0.324371280767141	2	1	0.675628719232859	0.0895032454829977	0.0865717447443069	0.134954086533495	0.473572169552741	2	0	0.662185640383571	2	2	0.337814359616429	0.044751622741499	0.0432858723721534	0.567477043266748	0.736786084776371	1	0	0.715283747247223	1	1	0.284716252752777	0.0483400823844377	0.0467567991587441	0.61298083381798	0.795866112912358	1	0	0.857641873623612	1	2	0.142358126376388	0.0241700411922188	0.023378399579372	0.80649041690899	0.897933056456179	NA	NA	NA	NA	NA	NA	NA	NA	NA	NA	NA	NA	NA	NA	NA	NA	NA	NA	NA	NA
2	112612637	122766109	0.9386938902602	1	-0.374889287706039	2.65838358313597	3	0	1	NA	NA	NA	NA	NA	NA	NA	NA	NA	NA	NA	NA	NA	NA	NA	NA	NA	NA	NA	NA	NA	NA	NA	NA	NA	NA	NA	NA	NA	NA	NA	NA	NA	NA	NA	NA	NA	NA	NA	NA	NA	NA	NA	NA	NA	NA	NA	NA	NA	NA	NA	NA	NA	NA	NA	NA	NA
2	122770270	122850930	0.548403178262561	0.763791969713354	-0.360590974391193	2.32497673211388	1	1	1	NA	NA	NA	NA	NA	NA	NA	NA	NA	NA	NA	NA	NA	NA	NA	NA	NA	NA	NA	NA	NA	NA	NA	NA	NA	NA	NA	NA	NA	NA	NA	NA	NA	NA	NA	NA	NA	NA	NA	NA	NA	NA	NA	NA	NA	NA	NA	NA	NA	NA	NA	NA	NA	NA	NA	NA	NA
2	122882533	131685969	0.936262146229701	2.78729114258535e-11	-0.373736055401492	2.54365628199932	2	0	0.613236355710727	3	0	0.386763644289273	0.0675626859413598	0.0684504185235794	0.473728878597458	0.741888703495979	1	0	0.306618177855363	3	0	0.693381822144637	0.0337813429706799	0.0342252092617897	0.236864439298729	0.370944351747991	2	0	0.806618177855364	4	0	0.193381822144636	0.0337813429706799	0.0342252092617896	0.736864439298729	0.870944351747989	3	0	0.958252750766096	3	1	0.041747249233904	0.0056973024684393	0.00577402072013338	0.946402868417292	0.969346711546265	3	0	0.979126375383048	3	2	0.0208736246169523	0.00284865123421935	0.00295507156850683	0.972911974550132	0.984778274554026	NA	NA	NA	NA	NA	NA	NA	NA	NA	NA
2	131790799	132941090	0.804973496004187	8.20329106410161e-09	-0.373921401802648	2.30038582728922	2	0	0.647557408359331	2	1	0.352442591640669	0.0665570329279284	0.0687361871002866	0.489520286465902	0.766828426268401	2	0	0.823778704179665	2	2	0.176221295820335	0.0332785164639641	0.0343680935501433	0.744760143232951	0.8834142131342	1	0	0.889834334200873	1	1	0.110165665799127	0.0359469920631085	0.0371239381241338	0.804479580293329	0.954251784101004	1	0	0.944917167100436	1	2	0.0550828328995637	0.0179734960315542	0.0185619690620669	0.902239790146664	0.977125892050502	NA	NA	NA	NA	NA	NA	NA	NA	NA	NA	NA	NA	NA	NA	NA	NA	NA	NA	NA	NA
2	132962335	171719836	0.938106944438838	1	-0.374768412899179	2.62986667439574	3	0	1	NA	NA	NA	NA	NA	NA	NA	NA	NA	NA	NA	NA	NA	NA	NA	NA	NA	NA	NA	NA	NA	NA	NA	NA	NA	NA	NA	NA	NA	NA	NA	NA	NA	NA	NA	NA	NA	NA	NA	NA	NA	NA	NA	NA	NA	NA	NA	NA	NA	NA	NA	NA	NA	NA	NA	NA	NA
2	171720620	171725418	0.56848823970904	0.68448198062499	-0.442915516494991	2.17667969112164	1	1	1	NA	NA	NA	NA	NA	NA	NA	NA	NA	NA	NA	NA	NA	NA	NA	NA	NA	NA	NA	NA	NA	NA	NA	NA	NA	NA	NA	NA	NA	NA	NA	NA	NA	NA	NA	NA	NA	NA	NA	NA	NA	NA	NA	NA	NA	NA	NA	NA	NA	NA	NA	NA	NA	NA	NA	NA	NA
2	171726145	222017372	0.939095756434813	1	-0.374896072537783	2.67822534593867	3	0	1	NA	NA	NA	NA	NA	NA	NA	NA	NA	NA	NA	NA	NA	NA	NA	NA	NA	NA	NA	NA	NA	NA	NA	NA	NA	NA	NA	NA	NA	NA	NA	NA	NA	NA	NA	NA	NA	NA	NA	NA	NA	NA	NA	NA	NA	NA	NA	NA	NA	NA	NA	NA	NA	NA	NA	NA	NA
2	222017761	222035912	0.723880143454153	0.208007823224132	-0.407083114458475	2.24018844059301	2	1	1	NA	NA	NA	NA	NA	NA	NA	NA	NA	NA	NA	NA	NA	NA	NA	NA	NA	NA	NA	NA	NA	NA	NA	NA	NA	NA	NA	NA	NA	NA	NA	NA	NA	NA	NA	NA	NA	NA	NA	NA	NA	NA	NA	NA	NA	NA	NA	NA	NA	NA	NA	NA	NA	NA	NA	NA	NA
2	222057787	241611847	0.941799638486758	1	-0.372250593898172	2.81885102083056	3	0	1	NA	NA	NA	NA	NA	NA	NA	NA	NA	NA	NA	NA	NA	NA	NA	NA	NA	NA	NA	NA	NA	NA	NA	NA	NA	NA	NA	NA	NA	NA	NA	NA	NA	NA	NA	NA	NA	NA	NA	NA	NA	NA	NA	NA	NA	NA	NA	NA	NA	NA	NA	NA	NA	NA	NA	NA	NA
2	241612242	242318501	0.850976711192578	3.67579720999192e-12	-0.385802232933481	2.27865970261571	2	0	0.793579637294173	2	1	0.206420362705827	0.0317551391758532	0.0321102930353175	0.728467472086932	0.858720361106138	2	0	0.896789818647086	2	2	0.103210181352914	0.0158775695879266	0.0160551465176588	0.864233736043466	0.929360180553069	3	0	0.618459346870976	3	1	0.381540653129024	0.0463595478323127	0.046878039413927	0.523401645480522	0.713558741166454	3	0	0.809229673435488	3	2	0.190770326564512	0.0231797739161565	0.0234390197069635	0.761700822740261	0.856779370583227	NA	NA	NA	NA	NA	NA	NA	NA	NA	NA	NA	NA	NA	NA	NA	NA	NA	NA	NA	NA
2	242321026	242372510	0.654590739927162	1	-0.377791869296566	2.29328835915037	2	1	1	NA	NA	NA	NA	NA	NA	NA	NA	NA	NA	NA	NA	NA	NA	NA	NA	NA	NA	NA	NA	NA	NA	NA	NA	NA	NA	NA	NA	NA	NA	NA	NA	NA	NA	NA	NA	NA	NA	NA	NA	NA	NA	NA	NA	NA	NA	NA	NA	NA	NA	NA	NA	NA	NA	NA	NA	NA
2	242376276	242985695	0.928963877155475	1	-0.373936763938723	2.30035761932423	2	0	1	NA	NA	NA	NA	NA	NA	NA	NA	NA	NA	NA	NA	NA	NA	NA	NA	NA	NA	NA	NA	NA	NA	NA	NA	NA	NA	NA	NA	NA	NA	NA	NA	NA	NA	NA	NA	NA	NA	NA	NA	NA	NA	NA	NA	NA	NA	NA	NA	NA	NA	NA	NA	NA	NA	NA	NA	NA
3	60596	43713569	0.952801633216063	1	0.169426712713131	3.51194985046299	3	0	1	NA	NA	NA	NA	NA	NA	NA	NA	NA	NA	NA	NA	NA	NA	NA	NA	NA	NA	NA	NA	NA	NA	NA	NA	NA	NA	NA	NA	NA	NA	NA	NA	NA	NA	NA	NA	NA	NA	NA	NA	NA	NA	NA	NA	NA	NA	NA	NA	NA	NA	NA	NA	NA	NA	NA	NA	NA
3	43764213	44089142	0.50079365771065	1	0.173023795060353	3.52158766241731	2	2	1	NA	NA	NA	NA	NA	NA	NA	NA	NA	NA	NA	NA	NA	NA	NA	NA	NA	NA	NA	NA	NA	NA	NA	NA	NA	NA	NA	NA	NA	NA	NA	NA	NA	NA	NA	NA	NA	NA	NA	NA	NA	NA	NA	NA	NA	NA	NA	NA	NA	NA	NA	NA	NA	NA	NA	NA	NA
3	44097005	62086887	0.952253136178377	1	0.170281191012717	3.51423711394887	3	0	1	NA	NA	NA	NA	NA	NA	NA	NA	NA	NA	NA	NA	NA	NA	NA	NA	NA	NA	NA	NA	NA	NA	NA	NA	NA	NA	NA	NA	NA	NA	NA	NA	NA	NA	NA	NA	NA	NA	NA	NA	NA	NA	NA	NA	NA	NA	NA	NA	NA	NA	NA	NA	NA	NA	NA	NA	NA
3	62086930	62113522	0.753308132916842	0.664816452485111	0.140109171503505	3.43428780437957	3	1	1	NA	NA	NA	NA	NA	NA	NA	NA	NA	NA	NA	NA	NA	NA	NA	NA	NA	NA	NA	NA	NA	NA	NA	NA	NA	NA	NA	NA	NA	NA	NA	NA	NA	NA	NA	NA	NA	NA	NA	NA	NA	NA	NA	NA	NA	NA	NA	NA	NA	NA	NA	NA	NA	NA	NA	NA	NA
3	62116564	65710805	0.955437351798416	1	0.170553013049566	3.7882331193379	4	0	1	NA	NA	NA	NA	NA	NA	NA	NA	NA	NA	NA	NA	NA	NA	NA	NA	NA	NA	NA	NA	NA	NA	NA	NA	NA	NA	NA	NA	NA	NA	NA	NA	NA	NA	NA	NA	NA	NA	NA	NA	NA	NA	NA	NA	NA	NA	NA	NA	NA	NA	NA	NA	NA	NA	NA	NA	NA
3	65711119	65711464	0.591149959378527	0.346935707369583	0.133879402133665	3.41798749999018	2	1	1	NA	NA	NA	NA	NA	NA	NA	NA	NA	NA	NA	NA	NA	NA	NA	NA	NA	NA	NA	NA	NA	NA	NA	NA	NA	NA	NA	NA	NA	NA	NA	NA	NA	NA	NA	NA	NA	NA	NA	NA	NA	NA	NA	NA	NA	NA	NA	NA	NA	NA	NA	NA	NA	NA	NA	NA	NA
3	65711665	66442010	0.887049395652912	5.44773583321004e-08	0.168825837214853	3.51034224083475	3	0	0.770153275275896	3	1	0.229846724724104	0.0445737566526309	0.0448394328671376	0.677344848014541	0.854250910684187	3	0	0.885076637637948	3	2	0.114923362362052	0.0222868783263152	0.0224197164335688	0.83867242400727	0.927125455342093	4	0	0.642820338800639	4	1	0.357179661199361	0.0586155967469998	0.0589649675657122	0.520774952555326	0.753410817473646	4	0	0.82141016940032	4	2	0.17858983059968	0.0293077983734999	0.0294824837828561	0.760387476277663	0.876705408736823	NA	NA	NA	NA	NA	NA	NA	NA	NA	NA	NA	NA	NA	NA	NA	NA	NA	NA	NA	NA
3	66442435	66452562	0.617170930083375	0.153147801692061	0.19881224206203	3.59139191639834	2	1	1	NA	NA	NA	NA	NA	NA	NA	NA	NA	NA	NA	NA	NA	NA	NA	NA	NA	NA	NA	NA	NA	NA	NA	NA	NA	NA	NA	NA	NA	NA	NA	NA	NA	NA	NA	NA	NA	NA	NA	NA	NA	NA	NA	NA	NA	NA	NA	NA	NA	NA	NA	NA	NA	NA	NA	NA	NA
3	66454008	66698126	0.866643215736205	0.000176971956609711	0.169209084006043	3.51136751938678	3	0	0.685891854035018	3	1	0.314108145964982	0.0898660700357686	0.0878799202130283	0.508207359283634	0.846536854032497	3	0	0.842945927017509	3	2	0.157054072982491	0.0449330350178844	0.0439399601065142	0.754103679641817	0.923268427016249	4	0	0.53201447769104	4	1	0.46798552230896	0.118176113436097	0.115564277103877	0.298354955257073	0.74326664143969	4	0	0.76600723884552	4	2	0.23399276115448	0.0590880567180487	0.0577821385519386	0.649177477628536	0.871633320719846	NA	NA	NA	NA	NA	NA	NA	NA	NA	NA	NA	NA	NA	NA	NA	NA	NA	NA	NA	NA
3	66699668	125971362	0.952947927041234	1	0.170437445295907	3.51465552121146	3	0	1	NA	NA	NA	NA	NA	NA	NA	NA	NA	NA	NA	NA	NA	NA	NA	NA	NA	NA	NA	NA	NA	NA	NA	NA	NA	NA	NA	NA	NA	NA	NA	NA	NA	NA	NA	NA	NA	NA	NA	NA	NA	NA	NA	NA	NA	NA	NA	NA	NA	NA	NA	NA	NA	NA	NA	NA	NA
3	125973585	125976247	0.569713702348443	0.722359019356981	0.223033682166353	3.65810073020276	2	2	1	NA	NA	NA	NA	NA	NA	NA	NA	NA	NA	NA	NA	NA	NA	NA	NA	NA	NA	NA	NA	NA	NA	NA	NA	NA	NA	NA	NA	NA	NA	NA	NA	NA	NA	NA	NA	NA	NA	NA	NA	NA	NA	NA	NA	NA	NA	NA	NA	NA	NA	NA	NA	NA	NA	NA	NA	NA
3	125976259	175523026	0.952894367160573	1	0.16972318460338	3.51274329155294	3	0	1	NA	NA	NA	NA	NA	NA	NA	NA	NA	NA	NA	NA	NA	NA	NA	NA	NA	NA	NA	NA	NA	NA	NA	NA	NA	NA	NA	NA	NA	NA	NA	NA	NA	NA	NA	NA	NA	NA	NA	NA	NA	NA	NA	NA	NA	NA	NA	NA	NA	NA	NA	NA	NA	NA	NA	NA	NA
3	175523710	175696516	0.804723047697162	0.0127427279482441	0.171332121656103	3.51705209846595	3	0	0.404053197892357	3	1	0.595946802107643	0.145361886736213	0.143429610850141	0.118205269151978	0.67203986840065	3	0	0.702026598946178	3	2	0.297973401053822	0.0726809433681067	0.0717148054250706	0.559102634575989	0.836019934200325	2	0	0.646716748863902	2	1	0.353283251136098	0.0995692831360124	0.0982457221317009	0.45091801516803	0.830280964158791	2	0	0.823358374431951	2	2	0.176641625568049	0.0497846415680062	0.0491228610658504	0.725459007584015	0.915140482079396	NA	NA	NA	NA	NA	NA	NA	NA	NA	NA	NA	NA	NA	NA	NA	NA	NA	NA	NA	NA
3	175703543	197846280	0.952989614991044	1	0.168924348648412	3.51060575691753	3	0	1	NA	NA	NA	NA	NA	NA	NA	NA	NA	NA	NA	NA	NA	NA	NA	NA	NA	NA	NA	NA	NA	NA	NA	NA	NA	NA	NA	NA	NA	NA	NA	NA	NA	NA	NA	NA	NA	NA	NA	NA	NA	NA	NA	NA	NA	NA	NA	NA	NA	NA	NA	NA	NA	NA	NA	NA	NA
4	109541	119350994	0.940440792036596	1	-0.375220359045542	2.74658304331619	3	0	1	NA	NA	NA	NA	NA	NA	NA	NA	NA	NA	NA	NA	NA	NA	NA	NA	NA	NA	NA	NA	NA	NA	NA	NA	NA	NA	NA	NA	NA	NA	NA	NA	NA	NA	NA	NA	NA	NA	NA	NA	NA	NA	NA	NA	NA	NA	NA	NA	NA	NA	NA	NA	NA	NA	NA	NA	NA
4	119356022	119593740	0.70497767208196	0.116799712967541	-0.377810477677327	2.29325428201208	2	1	1	NA	NA	NA	NA	NA	NA	NA	NA	NA	NA	NA	NA	NA	NA	NA	NA	NA	NA	NA	NA	NA	NA	NA	NA	NA	NA	NA	NA	NA	NA	NA	NA	NA	NA	NA	NA	NA	NA	NA	NA	NA	NA	NA	NA	NA	NA	NA	NA	NA	NA	NA	NA	NA	NA	NA	NA	NA
4	119594648	132578484	0.941957879806045	1	-0.379157968494375	2.82748679063404	3	0	1	NA	NA	NA	NA	NA	NA	NA	NA	NA	NA	NA	NA	NA	NA	NA	NA	NA	NA	NA	NA	NA	NA	NA	NA	NA	NA	NA	NA	NA	NA	NA	NA	NA	NA	NA	NA	NA	NA	NA	NA	NA	NA	NA	NA	NA	NA	NA	NA	NA	NA	NA	NA	NA	NA	NA	NA	NA
4	132581378	132890699	0.767144290721435	5.88127689981093e-10	-0.38429683927102	2.2814026827434	2	0	0.514359126494599	2	1	0.485640873505401	0.066222699954749	0.0670395716219927	0.375324362149586	0.638001779195791	2	0	0.757179563247299	2	2	0.242820436752701	0.0331113499773745	0.0335197858109963	0.687662181074793	0.819000889597896	1	0	0.817894865592108	1	1	0.182105134407892	0.0357664211421313	0.0362076078664672	0.742803153258441	0.884673405136145	1	0	0.908947432796054	1	2	0.0910525672039463	0.0178832105710657	0.0181038039332336	0.87140157662922	0.942336702568073	NA	NA	NA	NA	NA	NA	NA	NA	NA	NA	NA	NA	NA	NA	NA	NA	NA	NA	NA	NA
4	132898319	176118523	0.93931632504466	1	-0.374487118031708	2.6892274156297	3	0	1	NA	NA	NA	NA	NA	NA	NA	NA	NA	NA	NA	NA	NA	NA	NA	NA	NA	NA	NA	NA	NA	NA	NA	NA	NA	NA	NA	NA	NA	NA	NA	NA	NA	NA	NA	NA	NA	NA	NA	NA	NA	NA	NA	NA	NA	NA	NA	NA	NA	NA	NA	NA	NA	NA	NA	NA	NA
4	176121613	176558774	0.84111353024895	8.91011746003259e-06	-0.37707288662032	2.29460535371325	2	0	0.763617364743488	2	1	0.236382635256512	0.0573577375151567	0.0581111695212072	0.640436113231053	0.873795932683453	2	0	0.881808682371744	2	2	0.118191317628256	0.0286788687575783	0.0290555847606036	0.820218056615526	0.936897966341727	3	0	0.574717217454189	3	1	0.425282782545811	0.0837369586435044	0.0848368992524707	0.394884054390072	0.735567672626891	3	0	0.787358608727094	3	2	0.212641391272906	0.0418684793217521	0.0424184496262354	0.697442027195036	0.867783836313446	NA	NA	NA	NA	NA	NA	NA	NA	NA	NA	NA	NA	NA	NA	NA	NA	NA	NA	NA	NA
4	176559590	190462760	0.942260700045718	1	-0.374757884420746	2.844144689812	3	0	1	NA	NA	NA	NA	NA	NA	NA	NA	NA	NA	NA	NA	NA	NA	NA	NA	NA	NA	NA	NA	NA	NA	NA	NA	NA	NA	NA	NA	NA	NA	NA	NA	NA	NA	NA	NA	NA	NA	NA	NA	NA	NA	NA	NA	NA	NA	NA	NA	NA	NA	NA	NA	NA	NA	NA	NA	NA
4	190470668	190781263	0.82226845691895	7.00520129683136e-05	-0.392541786399997	2.26641458142004	2	0	0.704371284051997	2	1	0.295628715948003	0.0796681419618636	0.0799024204500069	0.53450064057236	0.849439424368102	2	0	0.852185642025998	2	2	0.147814357974002	0.0398340709809318	0.0399512102250034	0.76725032028618	0.924719712184051	1	0	0.920519114587796	1	1	0.0794808854122042	0.0430282111566908	0.0431547433439498	0.828773157710032	0.998869411455744	1	0	0.960259557293898	1	2	0.0397404427061021	0.0215141055783454	0.0215773716719749	0.914386578855016	0.999434705727872	NA	NA	NA	NA	NA	NA	NA	NA	NA	NA	NA	NA	NA	NA	NA	NA	NA	NA	NA	NA
5	859234	180742812	0.650295215400183	1	0.171569794043092	3.51768900342127	2	1	1	NA	NA	NA	NA	NA	NA	NA	NA	NA	NA	NA	NA	NA	NA	NA	NA	NA	NA	NA	NA	NA	NA	NA	NA	NA	NA	NA	NA	NA	NA	NA	NA	NA	NA	NA	NA	NA	NA	NA	NA	NA	NA	NA	NA	NA	NA	NA	NA	NA	NA	NA	NA	NA	NA	NA	NA	NA
6	203397	170898626	0.650375185727725	1	0.170757668506411	3.51551313510571	2	1	1	NA	NA	NA	NA	NA	NA	NA	NA	NA	NA	NA	NA	NA	NA	NA	NA	NA	NA	NA	NA	NA	NA	NA	NA	NA	NA	NA	NA	NA	NA	NA	NA	NA	NA	NA	NA	NA	NA	NA	NA	NA	NA	NA	NA	NA	NA	NA	NA	NA	NA	NA	NA	NA	NA	NA	NA	NA
7	80500	159122659	0.649878411315312	1	0.171165895851265	3.51660671555301	2	1	1	NA	NA	NA	NA	NA	NA	NA	NA	NA	NA	NA	NA	NA	NA	NA	NA	NA	NA	NA	NA	NA	NA	NA	NA	NA	NA	NA	NA	NA	NA	NA	NA	NA	NA	NA	NA	NA	NA	NA	NA	NA	NA	NA	NA	NA	NA	NA	NA	NA	NA	NA	NA	NA	NA	NA	NA	NA
8	143207	146273484	0.65049734289888	1	0.17079353419306	3.5156092015567	2	1	1	NA	NA	NA	NA	NA	NA	NA	NA	NA	NA	NA	NA	NA	NA	NA	NA	NA	NA	NA	NA	NA	NA	NA	NA	NA	NA	NA	NA	NA	NA	NA	NA	NA	NA	NA	NA	NA	NA	NA	NA	NA	NA	NA	NA	NA	NA	NA	NA	NA	NA	NA	NA	NA	NA	NA	NA	NA
9	203761	141069765	0.687795016245375	0	0.0887020128546462	3.30186276545047	2	1	0.587225416127872	3	1	0.412774583872128	0.00332458172765104	0.00341003213594483	0.580481193079513	0.593799222504659	1	1	0.293612708063936	3	1	0.706387291936064	0.00166229086382566	0.00160743389156553	0.290648435362593	0.296641976661985	2	1	0.793612708063936	4	1	0.206387291936064	0.00166229086382552	0.00168525062329893	0.79022333107405	0.796940807704101	2	0	0.187367281251344	2	1	0.812632718748656	0.00126832267062529	0.00125863012883886	0.18492612068642	0.189899266993597	2	0	0.593683640625672	2	2	0.406316359374328	0.000634161335312577	0.000656640540800967	0.592334110378551	0.594993389470495	NA	NA	NA	NA	NA	NA	NA	NA	NA	NA
10	202805	680475	0.886405847989306	0.0208811816691843	-0.380751098920764	2.28787470300957	2	0	0.895706579183913	2	1	0.104293420816087	0.04667660620854	0.0480253646165635	0.794526392456588	0.980009979350063	2	0	0.947853289591957	2	2	0.0521467104080433	0.02333830310427	0.0240126823082817	0.897263196228294	0.990004989675031	3	0	0.767555177353288	3	1	0.232444822646712	0.0681435009996832	0.0701125627501211	0.619841521296173	0.890630295707707	3	0	0.883777588676644	3	2	0.116222411323356	0.0340717504998416	0.0350562813750606	0.809920760648086	0.945315147853854	NA	NA	NA	NA	NA	NA	NA	NA	NA	NA	NA	NA	NA	NA	NA	NA	NA	NA	NA	NA
10	718341	725223	0.539806967984936	0.624427878809424	-0.286194987556559	2.46646833230314	1	1	1	NA	NA	NA	NA	NA	NA	NA	NA	NA	NA	NA	NA	NA	NA	NA	NA	NA	NA	NA	NA	NA	NA	NA	NA	NA	NA	NA	NA	NA	NA	NA	NA	NA	NA	NA	NA	NA	NA	NA	NA	NA	NA	NA	NA	NA	NA	NA	NA	NA	NA	NA	NA	NA	NA	NA	NA	NA
10	725487	11422431	0.937948696127647	1	-0.375731781603152	2.6222704749112	3	0	1	NA	NA	NA	NA	NA	NA	NA	NA	NA	NA	NA	NA	NA	NA	NA	NA	NA	NA	NA	NA	NA	NA	NA	NA	NA	NA	NA	NA	NA	NA	NA	NA	NA	NA	NA	NA	NA	NA	NA	NA	NA	NA	NA	NA	NA	NA	NA	NA	NA	NA	NA	NA	NA	NA	NA	NA	NA
10	11422724	11478199	0.789465255746811	0.000376932640623704	-0.402989733838506	2.24754438062547	2	0	0.594496099135393	2	1	0.405503900864607	0.128791510794437	0.12893017865924	0.305663521442343	0.816294068159412	2	0	0.797248049567697	2	2	0.202751950432303	0.0643957553972181	0.0644650893296199	0.652831760721172	0.908147034079706	1	0	0.861176288948217	1	1	0.138823711051783	0.0695594021046074	0.0696342956570424	0.705179816131555	0.9809678343549	1	0	0.930588144474109	1	2	0.0694118555258914	0.0347797010523038	0.0348171478285212	0.852589908065778	0.99048391717745	NA	NA	NA	NA	NA	NA	NA	NA	NA	NA	NA	NA	NA	NA	NA	NA	NA	NA	NA	NA
10	11478446	12665146	0.913571463565289	0.0170014986270652	-0.37451693706872	2.29929252486553	2	0	0.968648039924724	2	1	0.0313519600752763	0.013290932523313	0.0134865504530785	0.940454546379181	0.994213436099626	2	0	0.984324019962362	2	2	0.0156759800376381	0.00664546626165657	0.00674327522653924	0.970227273189591	0.997106718049813	3	0	0.874042921571512	3	1	0.125957078428488	0.0194035245330972	0.0196891085049257	0.832883044886782	0.911366020684983	3	0	0.937021460785756	3	2	0.0629785392142441	0.00970176226654856	0.00984455425246285	0.91644152244339	0.955683010342491	NA	NA	NA	NA	NA	NA	NA	NA	NA	NA	NA	NA	NA	NA	NA	NA	NA	NA	NA	NA
10	12665150	12669166	0.535005224660298	0.778761545275991	-0.461795775702536	2.14384579258921	1	1	1	NA	NA	NA	NA	NA	NA	NA	NA	NA	NA	NA	NA	NA	NA	NA	NA	NA	NA	NA	NA	NA	NA	NA	NA	NA	NA	NA	NA	NA	NA	NA	NA	NA	NA	NA	NA	NA	NA	NA	NA	NA	NA	NA	NA	NA	NA	NA	NA	NA	NA	NA	NA	NA	NA	NA	NA	NA
10	12672884	27575969	0.941186088659674	1	-0.375561741941691	2.78580689967378	3	0	1	NA	NA	NA	NA	NA	NA	NA	NA	NA	NA	NA	NA	NA	NA	NA	NA	NA	NA	NA	NA	NA	NA	NA	NA	NA	NA	NA	NA	NA	NA	NA	NA	NA	NA	NA	NA	NA	NA	NA	NA	NA	NA	NA	NA	NA	NA	NA	NA	NA	NA	NA	NA	NA	NA	NA	NA	NA
10	27579090	27639809	0.54515026616983	0.697973493340641	-0.381490558873858	2.28652365780429	1	1	1	NA	NA	NA	NA	NA	NA	NA	NA	NA	NA	NA	NA	NA	NA	NA	NA	NA	NA	NA	NA	NA	NA	NA	NA	NA	NA	NA	NA	NA	NA	NA	NA	NA	NA	NA	NA	NA	NA	NA	NA	NA	NA	NA	NA	NA	NA	NA	NA	NA	NA	NA	NA	NA	NA	NA	NA	NA
10	27640945	38516509	0.936074933867831	1.77758789977484e-13	-0.375378299340096	2.53518564611909	2	0	0.621247512343735	3	0	0.378752487656265	0.0596241615579513	0.0604391512710809	0.49548326954948	0.734569440275381	1	0	0.310623756171867	3	0	0.689376243828133	0.0298120807789757	0.0302195756355404	0.24774163477474	0.367284720137692	2	0	0.810623756171868	4	0	0.189376243828132	0.0298120807789755	0.0302195756355404	0.747741634774741	0.86728472013769	3	0	0.957574669640042	3	1	0.0424253303599581	0.00506014414041694	0.00515315697364689	0.947232677115199	0.967894124977649	3	0	0.978787334820021	3	2	0.0212126651799788	0.00253007207020817	0.00257657848682343	0.9736163385576	0.983947062488824	NA	NA	NA	NA	NA	NA	NA	NA	NA	NA
10	38532949	42403710	0.75840499658765	0.000389857701315696	-0.376018370327084	2.2965381487134	2	0	0.481698225790291	2	1	0.518301774209709	0.111339454889158	0.112004498998613	0.237989823421194	0.677124250038492	2	0	0.740849112895146	2	2	0.259150887104854	0.0556697274445789	0.0560022494993066	0.618994911710597	0.838562125019246	1	0	0.800254939550587	1	1	0.199745060449413	0.0601336677003815	0.0604928534133339	0.668629720993124	0.905803180413156	1	0	0.900127469775294	1	2	0.0998725302247064	0.0300668338501907	0.0302464267066669	0.834314860496562	0.952901590206578	NA	NA	NA	NA	NA	NA	NA	NA	NA	NA	NA	NA	NA	NA	NA	NA	NA	NA	NA	NA
10	42410762	43114560	0.913741617120079	0.0451072510650842	-0.375109001449067	2.2982060416818	2	0	0.969091245422816	2	1	0.0309087545771842	0.0155925592553316	0.0153827356509273	0.936032740779706	0.998666495553802	2	0	0.984545622711408	2	2	0.0154543772885923	0.00779627962766577	0.00769136782546366	0.968016370389853	0.999333247776901	3	0	0.874689960350796	3	1	0.125310039649204	0.0227636853557044	0.0224573624209861	0.826427620236968	0.917867073053948	3	0	0.937344980175398	3	2	0.0626550198246022	0.0113818426778522	0.0112286812104931	0.913213810118484	0.958933536526974	NA	NA	NA	NA	NA	NA	NA	NA	NA	NA	NA	NA	NA	NA	NA	NA	NA	NA	NA	NA
10	43118592	43126641	0.710553199010064	0.226026084019214	-0.513788486948628	2.05561708406018	2	1	1	NA	NA	NA	NA	NA	NA	NA	NA	NA	NA	NA	NA	NA	NA	NA	NA	NA	NA	NA	NA	NA	NA	NA	NA	NA	NA	NA	NA	NA	NA	NA	NA	NA	NA	NA	NA	NA	NA	NA	NA	NA	NA	NA	NA	NA	NA	NA	NA	NA	NA	NA	NA	NA	NA	NA	NA	NA
10	43128880	48660703	0.942167282705034	1	-0.372023623616462	2.83898726980955	3	0	1	NA	NA	NA	NA	NA	NA	NA	NA	NA	NA	NA	NA	NA	NA	NA	NA	NA	NA	NA	NA	NA	NA	NA	NA	NA	NA	NA	NA	NA	NA	NA	NA	NA	NA	NA	NA	NA	NA	NA	NA	NA	NA	NA	NA	NA	NA	NA	NA	NA	NA	NA	NA	NA	NA	NA	NA	NA
10	48664519	49319300	0.521598455850008	0.7177215623117	-0.375062667309311	2.29829105227283	1	1	1	NA	NA	NA	NA	NA	NA	NA	NA	NA	NA	NA	NA	NA	NA	NA	NA	NA	NA	NA	NA	NA	NA	NA	NA	NA	NA	NA	NA	NA	NA	NA	NA	NA	NA	NA	NA	NA	NA	NA	NA	NA	NA	NA	NA	NA	NA	NA	NA	NA	NA	NA	NA	NA	NA	NA	NA	NA
10	49363009	52500129	0.932180471471107	1	-0.370492291270318	2.30668988498698	2	0	1	NA	NA	NA	NA	NA	NA	NA	NA	NA	NA	NA	NA	NA	NA	NA	NA	NA	NA	NA	NA	NA	NA	NA	NA	NA	NA	NA	NA	NA	NA	NA	NA	NA	NA	NA	NA	NA	NA	NA	NA	NA	NA	NA	NA	NA	NA	NA	NA	NA	NA	NA	NA	NA	NA	NA	NA	NA
10	52501044	52538741	0.623866623660288	0.519506030395626	-0.356984983347508	2.3316679139376	2	1	1	NA	NA	NA	NA	NA	NA	NA	NA	NA	NA	NA	NA	NA	NA	NA	NA	NA	NA	NA	NA	NA	NA	NA	NA	NA	NA	NA	NA	NA	NA	NA	NA	NA	NA	NA	NA	NA	NA	NA	NA	NA	NA	NA	NA	NA	NA	NA	NA	NA	NA	NA	NA	NA	NA	NA	NA	NA
10	52542404	55801932	0.944396295412379	1	-0.372583721320878	2.96677387459079	3	0	1	NA	NA	NA	NA	NA	NA	NA	NA	NA	NA	NA	NA	NA	NA	NA	NA	NA	NA	NA	NA	NA	NA	NA	NA	NA	NA	NA	NA	NA	NA	NA	NA	NA	NA	NA	NA	NA	NA	NA	NA	NA	NA	NA	NA	NA	NA	NA	NA	NA	NA	NA	NA	NA	NA	NA	NA	NA
10	55802799	55887363	0.837387264662876	0.00653793775678691	-0.362697862412907	2.3210749798297	2	0	0.752114053290046	2	1	0.247885946709954	0.098713716765057	0.099748656780033	0.532605260402314	0.919472990502289	2	0	0.876057026645023	2	2	0.123942973354977	0.0493568583825285	0.0498743283900165	0.766302630201157	0.959736495251144	3	0	0.557923453314072	3	1	0.442076546685928	0.144112839459854	0.145623755562666	0.237461044784298	0.802251926002856	3	0	0.778961726657036	3	2	0.221038273342964	0.072056419729927	0.0728118777813331	0.618730522392149	0.901125963001428	NA	NA	NA	NA	NA	NA	NA	NA	NA	NA	NA	NA	NA	NA	NA	NA	NA	NA	NA	NA
10	55887369	55889442	0.554038006367461	0.775349080472646	-0.371676950875567	2.30451031906628	1	1	1	NA	NA	NA	NA	NA	NA	NA	NA	NA	NA	NA	NA	NA	NA	NA	NA	NA	NA	NA	NA	NA	NA	NA	NA	NA	NA	NA	NA	NA	NA	NA	NA	NA	NA	NA	NA	NA	NA	NA	NA	NA	NA	NA	NA	NA	NA	NA	NA	NA	NA	NA	NA	NA	NA	NA	NA	NA
10	55889586	88870820	0.942759325989592	1	-0.375448824932607	2.871957747143	3	0	1	NA	NA	NA	NA	NA	NA	NA	NA	NA	NA	NA	NA	NA	NA	NA	NA	NA	NA	NA	NA	NA	NA	NA	NA	NA	NA	NA	NA	NA	NA	NA	NA	NA	NA	NA	NA	NA	NA	NA	NA	NA	NA	NA	NA	NA	NA	NA	NA	NA	NA	NA	NA	NA	NA	NA	NA	NA
10	88902863	89253957	0.66283540942404	0.609179926036696	-0.372939752504041	2.30218895539269	2	1	1	NA	NA	NA	NA	NA	NA	NA	NA	NA	NA	NA	NA	NA	NA	NA	NA	NA	NA	NA	NA	NA	NA	NA	NA	NA	NA	NA	NA	NA	NA	NA	NA	NA	NA	NA	NA	NA	NA	NA	NA	NA	NA	NA	NA	NA	NA	NA	NA	NA	NA	NA	NA	NA	NA	NA	NA	NA
10	89255921	135216590	0.939387381878295	1	-0.375445271669645	2.69278881802682	3	0	1	NA	NA	NA	NA	NA	NA	NA	NA	NA	NA	NA	NA	NA	NA	NA	NA	NA	NA	NA	NA	NA	NA	NA	NA	NA	NA	NA	NA	NA	NA	NA	NA	NA	NA	NA	NA	NA	NA	NA	NA	NA	NA	NA	NA	NA	NA	NA	NA	NA	NA	NA	NA	NA	NA	NA	NA	NA
11	247630	22475813	0.931491408364823	1	-0.373174219772019	2.30175816610135	2	0	1	NA	NA	NA	NA	NA	NA	NA	NA	NA	NA	NA	NA	NA	NA	NA	NA	NA	NA	NA	NA	NA	NA	NA	NA	NA	NA	NA	NA	NA	NA	NA	NA	NA	NA	NA	NA	NA	NA	NA	NA	NA	NA	NA	NA	NA	NA	NA	NA	NA	NA	NA	NA	NA	NA	NA	NA	NA
11	22476023	22525273	0.761077931254433	0.00657248142433847	-0.383769113631879	2.2823649301961	2	0	0.491767265944339	2	1	0.508232734055661	0.150899449776163	0.151619277867053	0.156871374814104	0.758983187191443	2	0	0.74588363297217	2	2	0.25411636702783	0.0754497248880818	0.0758096389335266	0.578435687407052	0.879491593595722	1	0	0.805693158331953	1	1	0.194306841668047	0.0814997466804901	0.0818885208420132	0.624818209271916	0.950014624864384	1	0	0.902846579165977	1	2	0.0971534208340232	0.0407498733402451	0.0409442604210066	0.812409104635958	0.975007312432192	NA	NA	NA	NA	NA	NA	NA	NA	NA	NA	NA	NA	NA	NA	NA	NA	NA	NA	NA	NA
11	22525354	47993662	0.93470430482399	1	-0.375477552902829	2.47464956443298	2	0	1	NA	NA	NA	NA	NA	NA	NA	NA	NA	NA	NA	NA	NA	NA	NA	NA	NA	NA	NA	NA	NA	NA	NA	NA	NA	NA	NA	NA	NA	NA	NA	NA	NA	NA	NA	NA	NA	NA	NA	NA	NA	NA	NA	NA	NA	NA	NA	NA	NA	NA	NA	NA	NA	NA	NA	NA	NA
11	47997475	50192699	0.72558010260479	0.0511147115874472	-0.374249496253183	2.29978344532138	2	1	1	NA	NA	NA	NA	NA	NA	NA	NA	NA	NA	NA	NA	NA	NA	NA	NA	NA	NA	NA	NA	NA	NA	NA	NA	NA	NA	NA	NA	NA	NA	NA	NA	NA	NA	NA	NA	NA	NA	NA	NA	NA	NA	NA	NA	NA	NA	NA	NA	NA	NA	NA	NA	NA	NA	NA	NA	NA
11	50300974	77626280	0.925133374166314	1	-0.374438493076642	2.29943650901344	2	0	1	NA	NA	NA	NA	NA	NA	NA	NA	NA	NA	NA	NA	NA	NA	NA	NA	NA	NA	NA	NA	NA	NA	NA	NA	NA	NA	NA	NA	NA	NA	NA	NA	NA	NA	NA	NA	NA	NA	NA	NA	NA	NA	NA	NA	NA	NA	NA	NA	NA	NA	NA	NA	NA	NA	NA	NA	NA
11	77627431	77665032	0.656459034454615	1	-0.339653498117232	2.36406215962982	2	1	1	NA	NA	NA	NA	NA	NA	NA	NA	NA	NA	NA	NA	NA	NA	NA	NA	NA	NA	NA	NA	NA	NA	NA	NA	NA	NA	NA	NA	NA	NA	NA	NA	NA	NA	NA	NA	NA	NA	NA	NA	NA	NA	NA	NA	NA	NA	NA	NA	NA	NA	NA	NA	NA	NA	NA	NA	NA
11	77665339	82431670	0.944281548397446	1	-0.373671858085016	2.95994594958002	3	0	1	NA	NA	NA	NA	NA	NA	NA	NA	NA	NA	NA	NA	NA	NA	NA	NA	NA	NA	NA	NA	NA	NA	NA	NA	NA	NA	NA	NA	NA	NA	NA	NA	NA	NA	NA	NA	NA	NA	NA	NA	NA	NA	NA	NA	NA	NA	NA	NA	NA	NA	NA	NA	NA	NA	NA	NA	NA
11	82443417	82460711	0.664687010954367	0.155177628168772	-0.423924987767263	2.21014167715063	2	1	1	NA	NA	NA	NA	NA	NA	NA	NA	NA	NA	NA	NA	NA	NA	NA	NA	NA	NA	NA	NA	NA	NA	NA	NA	NA	NA	NA	NA	NA	NA	NA	NA	NA	NA	NA	NA	NA	NA	NA	NA	NA	NA	NA	NA	NA	NA	NA	NA	NA	NA	NA	NA	NA	NA	NA	NA	NA
11	82474723	88599224	0.935707083081707	1	-0.373001208676182	2.51868551158223	2	0	1	NA	NA	NA	NA	NA	NA	NA	NA	NA	NA	NA	NA	NA	NA	NA	NA	NA	NA	NA	NA	NA	NA	NA	NA	NA	NA	NA	NA	NA	NA	NA	NA	NA	NA	NA	NA	NA	NA	NA	NA	NA	NA	NA	NA	NA	NA	NA	NA	NA	NA	NA	NA	NA	NA	NA	NA	NA
11	88599629	89146994	0.829942159549127	4.9469951104444e-08	-0.378264836409968	2.29242236074748	2	0	0.728820985035755	2	1	0.271179014964245	0.0533511757052091	0.0530322756181998	0.615054451828773	0.826495485674675	2	0	0.864410492517878	2	2	0.135589507482122	0.0266755878526044	0.0265161378090999	0.807527225914386	0.913247742837337	3	0	0.523917741485316	3	1	0.476082258514684	0.0778877512807914	0.0774221868329214	0.357829190944936	0.666513422118026	3	0	0.761958870742658	3	2	0.238041129257342	0.0389438756403956	0.038546533547163	0.682635896646275	0.836177696481136	NA	NA	NA	NA	NA	NA	NA	NA	NA	NA	NA	NA	NA	NA	NA	NA	NA	NA	NA	NA
11	89147316	91878646	0.901988033019775	4.97364369288103e-08	-0.377559151039793	2.29371456834714	2	0	0.938083072192863	2	1	0.0619169278071372	0.0116131837314369	0.0115085237924106	0.914325340750347	0.960638994743938	2	0	0.969041536096431	2	2	0.0309584639035689	0.0058065918657183	0.00575426189620528	0.957162670375174	0.980319497371969	3	0	0.829420913281408	3	1	0.170579086718592	0.0169541674404743	0.0175273130213889	0.797135493591696	0.864331585258628	3	0	0.914710456640704	3	2	0.0852895433592962	0.00847708372023709	0.00876365651069444	0.898567746795848	0.932165792629314	NA	NA	NA	NA	NA	NA	NA	NA	NA	NA	NA	NA	NA	NA	NA	NA	NA	NA	NA	NA
11	91879499	91934940	0.776064773939111	0.00244522653607313	-0.379192851326737	2.29072399883928	2	0	0.546938550061822	2	1	0.453061449938178	0.146169973686161	0.152220807758939	0.211366269511595	0.79547752242286	2	0	0.773469275030911	2	2	0.226530724969089	0.0730849868430803	0.0761104038794696	0.605683134755797	0.89773876121143	1	0	0.835490786396747	1	1	0.164509213603253	0.0789453894324125	0.0822134029663826	0.654250524100191	0.969724962317869	1	0	0.917745393198374	1	2	0.0822546068016264	0.0394726947162063	0.0411067014831913	0.827125262050096	0.984862481158934	NA	NA	NA	NA	NA	NA	NA	NA	NA	NA	NA	NA	NA	NA	NA	NA	NA	NA	NA	NA
11	91935754	113856681	0.938199671928281	1	-0.375538234643695	2.63433583446697	3	0	1	NA	NA	NA	NA	NA	NA	NA	NA	NA	NA	NA	NA	NA	NA	NA	NA	NA	NA	NA	NA	NA	NA	NA	NA	NA	NA	NA	NA	NA	NA	NA	NA	NA	NA	NA	NA	NA	NA	NA	NA	NA	NA	NA	NA	NA	NA	NA	NA	NA	NA	NA	NA	NA	NA	NA	NA	NA
11	113859258	113866551	0.72590406233212	0.190183081583225	-0.399024828908175	2.25468937207185	2	1	1	NA	NA	NA	NA	NA	NA	NA	NA	NA	NA	NA	NA	NA	NA	NA	NA	NA	NA	NA	NA	NA	NA	NA	NA	NA	NA	NA	NA	NA	NA	NA	NA	NA	NA	NA	NA	NA	NA	NA	NA	NA	NA	NA	NA	NA	NA	NA	NA	NA	NA	NA	NA	NA	NA	NA	NA	NA
11	113870883	134946288	0.932214053497761	1	-0.375351345842896	2.29776144987098	2	0	1	NA	NA	NA	NA	NA	NA	NA	NA	NA	NA	NA	NA	NA	NA	NA	NA	NA	NA	NA	NA	NA	NA	NA	NA	NA	NA	NA	NA	NA	NA	NA	NA	NA	NA	NA	NA	NA	NA	NA	NA	NA	NA	NA	NA	NA	NA	NA	NA	NA	NA	NA	NA	NA	NA	NA	NA	NA
12	188285	133820866	0.649777094624385	1	0.170896371812528	3.51588466596212	2	1	1	NA	NA	NA	NA	NA	NA	NA	NA	NA	NA	NA	NA	NA	NA	NA	NA	NA	NA	NA	NA	NA	NA	NA	NA	NA	NA	NA	NA	NA	NA	NA	NA	NA	NA	NA	NA	NA	NA	NA	NA	NA	NA	NA	NA	NA	NA	NA	NA	NA	NA	NA	NA	NA	NA	NA	NA	NA
13	19589846	46979279	0.919630934834183	1	-0.971543261270622	1.94512391037592	2	0	1	NA	NA	NA	NA	NA	NA	NA	NA	NA	NA	NA	NA	NA	NA	NA	NA	NA	NA	NA	NA	NA	NA	NA	NA	NA	NA	NA	NA	NA	NA	NA	NA	NA	NA	NA	NA	NA	NA	NA	NA	NA	NA	NA	NA	NA	NA	NA	NA	NA	NA	NA	NA	NA	NA	NA	NA	NA
13	46984940	47040795	0.686854240936922	7.99853483421135e-08	-1.02825645918883	1.33444291335661	1	0	0.638950209980105	1	1	0.361049790019895	0.0719559099052809	0.0734676116541334	0.48485886675136	0.774230517689365	1	0	0.819475104990052	1	2	0.180524895009948	0.0359779549526405	0.0367338058270667	0.74242943337568	0.887115258844683	0	0	0.791926993380093	1	0	0.208073006619907	0.0517451282963704	0.0542745339264854	0.657410321268083	0.876943330825633	0	0	0.895963496690047	2	0	0.104036503309953	0.0258725641481851	0.0271372669632427	0.828705160634042	0.938471665412817	NA	NA	NA	NA	NA	NA	NA	NA	NA	NA	NA	NA	NA	NA	NA	NA	NA	NA	NA	NA
13	47042996	114999838	0.922346144506138	1	-0.971048742713591	2.02532892912136	2	0	1	NA	NA	NA	NA	NA	NA	NA	NA	NA	NA	NA	NA	NA	NA	NA	NA	NA	NA	NA	NA	NA	NA	NA	NA	NA	NA	NA	NA	NA	NA	NA	NA	NA	NA	NA	NA	NA	NA	NA	NA	NA	NA	NA	NA	NA	NA	NA	NA	NA	NA	NA	NA	NA	NA	NA	NA	NA
14	20428592	107239333	0.932150387088401	1	-0.37547721742406	2.29753056219803	2	0	1	NA	NA	NA	NA	NA	NA	NA	NA	NA	NA	NA	NA	NA	NA	NA	NA	NA	NA	NA	NA	NA	NA	NA	NA	NA	NA	NA	NA	NA	NA	NA	NA	NA	NA	NA	NA	NA	NA	NA	NA	NA	NA	NA	NA	NA	NA	NA	NA	NA	NA	NA	NA	NA	NA	NA	NA	NA
15	20001774	102431166	0.511682337219689	0	0.502975035834067	4.51614045433443	2	2	0.895963114025295	3	2	0.104036885974705	0.00240439827919164	0.00239160806172628	0.89164494607096	0.900747996504067	1	2	0.447981557012647	3	2	0.552018442987353	0.00120219913959582	0.00115761068570873	0.445758382721004	0.45039141896336	2	2	0.947981557012647	4	2	0.0520184429873526	0.00120219913959585	0.00119962065745199	0.94562226520033	0.950205855863868	3	2	0.144948766151458	3	3	0.855051233848542	0.00319694807929261	0.00317712794388548	0.138574491340555	0.151083176829134	3	1	0.0724743830757289	3	3	0.927525616924271	0.00159847403964631	0.00164183609230882	0.0693222763690138	0.0755914484633074	3	2	0.572474383075729	3	4	0.427525616924271	0.0015984740396463	0.00160118669389429	0.56945793786124	0.575740487652359
16	83807	89996871	0.938516802368715	1	-0.375919946647216	2.64972236901959	3	0	1	NA	NA	NA	NA	NA	NA	NA	NA	NA	NA	NA	NA	NA	NA	NA	NA	NA	NA	NA	NA	NA	NA	NA	NA	NA	NA	NA	NA	NA	NA	NA	NA	NA	NA	NA	NA	NA	NA	NA	NA	NA	NA	NA	NA	NA	NA	NA	NA	NA	NA	NA	NA	NA	NA	NA	NA	NA
17	41362	79998834	0.648485297937733	1	0.17102499574651	3.51622923012107	2	1	1	NA	NA	NA	NA	NA	NA	NA	NA	NA	NA	NA	NA	NA	NA	NA	NA	NA	NA	NA	NA	NA	NA	NA	NA	NA	NA	NA	NA	NA	NA	NA	NA	NA	NA	NA	NA	NA	NA	NA	NA	NA	NA	NA	NA	NA	NA	NA	NA	NA	NA	NA	NA	NA	NA	NA	NA	NA
18	125371	77999957	0.735494083879851	1	-0.00928069092189102	3.06216112668498	3	1	1	NA	NA	NA	NA	NA	NA	NA	NA	NA	NA	NA	NA	NA	NA	NA	NA	NA	NA	NA	NA	NA	NA	NA	NA	NA	NA	NA	NA	NA	NA	NA	NA	NA	NA	NA	NA	NA	NA	NA	NA	NA	NA	NA	NA	NA	NA	NA	NA	NA	NA	NA	NA	NA	NA	NA	NA	NA
19	226776	59097308	0.615255672724368	0	0.249933599012203	3.73351089957524	2	1	0.814641860721204	2	2	0.185358139278796	0.00208382995098916	0.00202837321260696	0.81081026772378	0.818558675511195	2	0	0.407320930360602	2	2	0.592679069639398	0.00104191497549466	0.00102630088320601	0.405310812791656	0.40939018330583	2	1	0.907320930360602	2	3	0.0926790696393978	0.00104191497549472	0.00103284352435872	0.905289870205522	0.909332947910609	3	1	0.189301300150712	3	2	0.810698699849288	0.00304219779205801	0.00301571084325229	0.183370982548366	0.195176016890729	3	0	0.0946506500753563	3	2	0.905349349924644	0.00152109889602899	0.0015865156899127	0.0914586714579667	0.097811265400927	3	1	0.594650650075356	3	3	0.405349349924644	0.00152109889602919	0.0015452634870423	0.59168614386733	0.597663367419319
20	20000786	62884632	0.649438093744271	1	0.170446215943457	3.51467900800775	2	1	1	NA	NA	NA	NA	NA	NA	NA	NA	NA	NA	NA	NA	NA	NA	NA	NA	NA	NA	NA	NA	NA	NA	NA	NA	NA	NA	NA	NA	NA	NA	NA	NA	NA	NA	NA	NA	NA	NA	NA	NA	NA	NA	NA	NA	NA	NA	NA	NA	NA	NA	NA	NA	NA	NA	NA	NA	NA
21	15273817	15354541	0.78815479319817	0.000278670310437665	-1.25058438652833	1.09405757593608	1	0	0.858702978012914	1	1	0.141297021987086	0.0409585778775797	0.0407393171930311	0.771868860847746	0.93660020554837	1	0	0.929351489006457	1	2	0.0706485109935431	0.0204792889387898	0.0203696585965156	0.885934430423873	0.968300102774185	0	0	0.525685366334128	1	0	0.474314633665872	0.0849949070199027	0.0866259394517871	0.30903803703083	0.662850060331455	0	0	0.762842683167064	2	0	0.237157316832936	0.0424974535099513	0.0433129697258935	0.654519018515415	0.831425030165727	NA	NA	NA	NA	NA	NA	NA	NA	NA	NA	NA	NA	NA	NA	NA	NA	NA	NA	NA	NA
21	15355944	48097610	0.905044558062114	2.99865896450885e-178	-1.26219611460136	1.59276215581677	1	0	0.512550397059784	2	0	0.487449602940216	0.0139382803153107	0.0140053860787132	0.487543264991713	0.541123594511306	0	0	0.256275198529892	2	0	0.743724801470108	0.00696914015765539	0.00672188426495856	0.243370818392179	0.269593348218538	1	0	0.756275198529891	3	0	0.243724801470109	0.00696914015765399	0.00672188426495869	0.743370818392178	0.769593348218536	2	0	0.946224250469544	2	1	0.0537757495304561	0.00191330833801184	0.0018472267557936	0.942497280501048	0.94969824631809	2	0	0.973112125234772	2	2	0.026887874765228	0.000956654169005922	0.000947428942940134	0.97135505082425	0.974880606182569	NA	NA	NA	NA	NA	NA	NA	NA	NA	NA
22	16600330	23055852	0.513055093109502	1.58470838806249e-41	0.50369863218569	4.51858107270756	2	2	0.883410299891006	3	2	0.116589700108994	0.00875471877418615	0.00855503960857064	0.866748307357391	0.900720786289883	1	2	0.441705149945503	3	2	0.558294850054497	0.00437735938709305	0.00435399558955819	0.433974166180036	0.450566306422463	2	2	0.941705149945503	4	2	0.0582948500544967	0.00437735938709305	0.00435399558955819	0.933974166180036	0.950566306422463	3	2	0.161547849336483	3	3	0.838452150663517	0.0115132743696571	0.011458482626771	0.138036462470057	0.18157258208384	3	1	0.0807739246682417	3	3	0.919226075331758	0.00575663718482854	0.00572924131338553	0.0690182312350287	0.0907862910419198	3	2	0.580773924668242	3	4	0.419226075331758	0.00575663718482861	0.00572924131338552	0.569018231235028	0.59078629104192
22	23102474	23227573	0.894449719726452	5.59519357820888e-11	0.52381206305651	4.58691391142648	4	0	0.681754979362603	4	1	0.318245020637397	0.0404529629510109	0.0414833904028548	0.596884998555201	0.759607222765277	4	0	0.840877489681301	4	2	0.159122510318699	0.020226481475505	0.0207416952014274	0.798442499277601	0.879803611382638	5	0	0.563749150811583	5	1	0.436250849188417	0.0501437972788317	0.0514210719575341	0.458547879947483	0.660251528538859	5	0	0.781874575405792	5	2	0.218125424594208	0.0250718986394157	0.025710535978767	0.729273939973742	0.830125764269429	NA	NA	NA	NA	NA	NA	NA	NA	NA	NA	NA	NA	NA	NA	NA	NA	NA	NA	NA	NA
22	23254219	49999704	0.516148786673677	1.88362535957936e-257	0.502998871947474	4.51622083167301	2	2	0.854859671236818	3	2	0.145140328763182	0.0042962450373456	0.00436395013398037	0.846429854677654	0.862978487712279	1	2	0.427429835618409	3	2	0.572570164381591	0.00214812251867294	0.00218197506699019	0.423214927338827	0.431489243856139	2	2	0.927429835618409	4	2	0.0725701643815907	0.00214812251867275	0.00218598595575569	0.923327578394861	0.931693821069815	3	2	0.198632448954722	3	3	0.801367551045278	0.00551173099949692	0.00561027538919407	0.187600145246699	0.209038308295688	3	1	0.0993162244773612	3	3	0.900683775522639	0.00275586549974841	0.00280513769459703	0.0938000726233493	0.104519154147844	3	2	0.599316224477361	3	4	0.400683775522639	0.00275586549974843	0.00274220349865459	0.594116623139858	0.604366663516918
